0 0 0 1 0 0 0 0.666667 0.73913 -1 0.884 0.24 0.0107547 0.136786
0 0 0 0 0 0 1 0.333333 0.391304 -1 0.831 0.084 0.696226 0.243214
1 0 0 0 0 0 0 0.916667 -0.913043 1 0.464 0.16 0.0109434 0.207143
0 0 0 0 1 0 0 0.166667 -0.130435 1 0.571 0.19884 0.188208 0.183571
0 0 1 0 0 0 0 0.333333 -0.304348 1 0.387 0.18 0.0150943 0.249286
0 0 0 0 0 0 1 0.5 -0.478261 1 0.653 0.49136 0.00933962 0.378929
0 0 0 1 0 0 0 0.333333 0.391304 -1 0.79 0.34 0.249906 0.188571
1 0 0 0 0 0 0 0.5 0.565217 -1 0.802 0.24 0.410377 0.323214
0 0 0 0 0 1 0 0.583333 0.652174 -1 0.673 0.36216 0.00943396 0.325
0 0 0 1 0 0 0 0.833333 0.913043 -1 0.69 0.088 0.010283 0.255
0 0 0 1 0 0 0 0.583333 -0.565217 1 0.772 0.712 0.0095283 0.157857
1 0 0 0 0 0 0 0.5 0.565217 -1 0.673 0.416 0.0178302 0.105
0 0 0 1 0 0 0 0.916667 1 -1 0.805 0.364 0.00943396 0.227143
0 0 0 0 0 0 1 0.0833333 -0.0434783 1 0.347 0.112 0.43066 0.435
0 0 0 0 0 1 0 0.666667 0.73913 -1 0.659 0.172 0.0095283 0.221429
0 0 1 0 0 0 0 0.333333 -0.304348 1 0.305 0.036 0.0162264 0.151786
0 1 0 0 0 0 0 0.416667 -0.391304 1 0.618 0.464 0.0103774 0.115357
0 0 0 0 0 0 1 0.833333 -0.826087 1 0.553 0.27724 0.010283 0.302143
0 0 0 1 0 0 0 0.75 -0.73913 1 0.498 0.128 0.0108491 0.0810714
0 1 0 0 0 0 0 0.166667 -0.130435 1 0.823 0.836 0.359717 0.261786
0 1 0 0 0 0 0 0.833333 0.913043 -1 0.476 0.22 0.0108491 0.25
0 0 0 1 0 0 0 1 -1 1 0.779 0.368 0.00971698 0.364286
0 0 0 0 0 0 1 0.75 0.826087 -1 0.606 0.22404 0.0100943 0.279286
1 0 0 0 0 0 0 0.916667 1 -1 0.62 0.12 0.0103774 0.218929
0 0 0 0 1 0 0 0.583333 -0.565217 1 0.424 0.12 0.0114151 0.223214
0 0 0 0 1 0 0 0.666667 0.73913 -1 0.941 0.316 0.0334906 0.265714
0 0 0 0 0 1 0 0.166667 -0.130435 1 0.77 0.7 0.260755 0.432857
0 0 0 0 1 0 0 0.583333 -0.565217 1 0.587 0.184 0.0108491 0.191786
0 0 0 0 0 1 0 0.25 -0.217391 1 0.578 0.31484 0.0721698 0.365714
0 1 0 0 0 0 0 0.75 -0.73913 1 0.669 0.544 0.010283 0.103571
1 0 0 0 0 0 0 0.25 0.304348 -1 0.928 0.48 0.418679 0.258929
0 0 0 0 0 0 1 0.916667 1 -1 0.503 0.076 0.0116038 0.147143
0 0 0 1 0 0 0 0.5 -0.478261 1 0.678 0.456 0.010283 0.29
0 0 0 0 0 0 1 0.583333 -0.565217 1 0.382 0.124 0.0119811 0.261786
0 1 0 0 0 0 0 0.0833333 -0.0434783 1 0.693 0.364 0.623585 0.0578571
0 0 0 0 1 0 0 0.333333 0.391304 -1 0.869 0.104 0.642925 0.0517857
0 0 0 0 1 0 0 0.333333 0.391304 -1 0.872 0.176 0.734906 0.218571
0 1 0 0 0 0 0 0 0.0434783 -1 0.658 0.316 0.424151 0.531786
0 0 0 0 0 1 0 0.166667 -0.130435 1 0.311 0.136 0.0745283 0.104286
0 1 0 0 0 0 0 0.166667 -0.130435 1 0.504 0.20388 0.0549057 0.362857
0 1 0 0 0 0 0 0.833333 0.913043 -1 0.486 0.12 0.0107547 0.317143
0 0 0 0 1 0 0 0.333333 -0.304348 1 0.484 0.12 0.0498113 0.409643
0 0 0 0 1 0 0 0.25 0.304348 -1 0.823 0.332 0.452264 0.245714
0 0 0 0 0 0 1 0.583333 -0.565217 1 0.534 0.28 0.010566 0.28
0 0 0 0 0 0 1 0.833333 0.913043 -1 0.632 0.172 0.0100943 0.256786
0 0 0 0 1 0 0 0.5 0.565217 -1 0.647 0.036 0.0830189 0.185
0 0 0 0 0 1 0 0.416667 0.478261 -1 0.827 0.052 0.545283 0.356786
1 0 0 0 0 0 0 0.75 0.826087 -1 0.238 0.028 0.0130189 0.559643
0 0 0 0 1 0 0 0.5 0.565217 -1 0.817 0.404 0.0201887 0.268571
0 0 0 0 1 0 0 0.833333 0.913043 -1 0.562 0.072 0.0104717 0.272857
0 0 1 0 0 0 0 0.0833333 0.130435 -1 0.82 0.292 0.874528 0.124286
0 0 0 0 1 0 0 0.916667 1 -1 0.532 0.104 0.0103774 0.198214
0 0 0 0 1 0 0 0.416667 -0.391304 1 0.595 0.28384 0.0104717 0.171786
0 0 1 0 0 0 0 0.333333 -0.304348 1 0.566 0.41504 0.070566 0.178929
0 1 0 0 0 0 0 0.583333 0.652174 -1 0.723 0.508 0.00933962 0.196429
0 0 0 1 0 0 0 0.0833333 -0.0434783 1 0.692 0.572 0.166321 0.294643
0 0 0 0 0 0 1 0.416667 -0.391304 1 0.419 0.1 0.0130189 0.262857
0 0 0 0 0 1 0 0.5 -0.478261 1 0.672 0.57904 0.0095283 0.383214
0 0 0 0 1 0 0 0.833333 -0.826087 1 0.304 0.072 0.0124528 0.516071
1 0 0 0 0 0 0 0.5 0.565217 -1 0.737 0.20764 0.259811 0.220714
0 1 0 0 0 0 0 0.25 0.304348 -1 0.956 0.424 0.565566 0.101786
0 0 1 0 0 0 0 0.166667 -0.130435 1 0.512 0.248 0.100755 0.115357
0 0 1 0 0 0 0 0.916667 -0.913043 1 0.759 0.312 0.00971698 0.0767857
0 1 0 0 0 0 0 0.0833333 0.130435 -1 0.69 0.616 0.111509 0.249643
0 0 0 0 0 0 1 0.416667 -0.391304 1 0.285 0.10328 0.0126415 0.178214
0 0 0 0 1 0 0 0.5 0.565217 -1 0.703 0.184 0.0526415 0.0732143
0 1 0 0 0 0 0 0.833333 0.913043 -1 0.492 0.08568 0.0107547 0.114643
0 0 1 0 0 0 0 0.416667 0.478261 -1 0.8 0.36 0.139151 0.184286
0 1 0 0 0 0 0 0.416667 0.478261 -1 0.555 0.228 0.286509 0.509643
0 1 0 0 0 0 0 0.75 -0.73913 1 0.677 0.192 0.0103774 0.250714
0 1 0 0 0 0 0 0.833333 -0.826087 1 0.592 0.384 0.0104717 0.152857
1 0 0 0 0 0 0 0.75 0.826087 -1 0.508 0.18 0.0109434 0.310357
0 0 0 1 0 0 0 0.833333 -0.826087 1 0.501 0.148 0.0107547 0.0871429
0 0 0 1 0 0 0 0.833333 -0.826087 1 0.415 0.048 0.0119811 0.00857143
0 0 0 1 0 0 0 0.25 -0.217391 1 0.347 0.128 0.188208 0.185357
0 0 1 0 0 0 0 1 -1 1 0.562 0.124 0.0107547 0.104286
0 0 0 0 0 0 1 0.25 -0.217391 1 0.38 0.104 0.17717 0.415714
0 0 1 0 0 0 0 0.833333 -0.826087 1 0.715 0.64 0.00990566 0.356071
0 0 0 0 1 0 0 0.583333 0.652174 -1 0.506 0.172 0.0107547 0.144643
0 0 0 0 0 1 0 0.5 0.565217 -1 0.628 0.3638 0.0138679 0.363929
0 1 0 0 0 0 0 0 0.0434783 -1 0.72 0.228 0.665472 0.248929
0 0 0 0 0 0 1 0.0833333 -0.0434783 1 0.746 0.416 0.519057 0.145357
0 0 0 0 0 1 0 0.75 0.826087 -1 0.711 0.66 0.00915094 0.212143
1 0 0 0 0 0 0 0.416667 -0.391304 1 0.537 0.204 0.0132075 0.2075
0 0 0 0 1 0 0 0.916667 -0.913043 1 0.351 0.10924 0.0118868 0.269286
0 0 0 0 0 1 0 0.833333 0.913043 -1 0.729 0.14 0.01 0.139643
0 0 0 0 0 1 0 0.583333 0.652174 -1 0.869 0.34 0.0680189 0.274643
1 0 0 0 0 0 0 0.583333 0.652174 -1 0.626 0.296 0.01 0.170714
0 0 1 0 0 0 0 0.5 0.565217 -1 0.419 0.12828 0.015 0.387143
0 0 0 1 0 0 0 0.166667 -0.130435 1 0.678 0.584 0.111509 0.276786
0 0 0 1 0 0 0 0.333333 0.391304 -1 0.489 0.076 0.110377 0.121786
0 0 0 0 0 1 0 0.5 -0.478261 1 0.56 0.32492 0.010566 0.335
0 0 0 0 0 0 1 0.833333 0.913043 -1 0.529 0.108 0.0104717 0.435357
0 0 0 0 0 0 1 0.416667 -0.391304 1 0.631 0.37636 0.01 0.139286
1 0 0 0 0 0 0 0.25 -0.217391 1 0.673 0.576 0.0395283 0.376786
1 0 0 0 0 0 0 0.75 0.826087 -1 0.444 0.008 0.0113208 0.276071
0 0 0 0 1 0 0 0.0833333 -0.0434783 1 0.271 0.052 0.287925 0.342143
0 0 0 1 0 0 0 0.666667 -0.652174 1 0.705 0.376 0.010283 0.0557143
0 0 0 0 0 0 1 0.75 -0.73913 1 0.714 0.26 0.0100943 0.257857
0 0 0 1 0 0 0 0.333333 0.391304 -1 0.618 0.072 0.348208 0.290714
0 0 0 1 0 0 0 0.75 0.826087 -1 0.844 0.352 0.00933962 0.165
0 0 0 1 0 0 0 0.916667 -0.913043 1 0.685 0.596 0.0100943 0.254643
0 1 0 0 0 0 0 0.25 -0.217391 1 0.444 0.228 0.0703774 0.110714
0 0 0 0 0 0 1 0.666667 -0.652174 1 0.426 0.084 0.0116038 0.157143
0 0 0 1 0 0 0 0.25 -0.217391 1 0.375 0.128 0.158774 0.4675
0 0 1 0 0 0 0 0.916667 1 -1 0.748 0.736 0.00981132 0.243929
0 0 0 0 0 1 0 0.25 -0.217391 1 0.672 0.54044 0.0977358 0.287143
0 1 0 0 0 0 0 0.166667 -0.130435 1 0.835 0.836 0.380472 0.259286
0 0 0 1 0 0 0 0.833333 0.913043 -1 0.672 0.456 0.01 0.251786
0 0 0 0 0 1 0 0.833333 -0.826087 1 0.655 0.544 0.00971698 0.184643
0 0 0 0 1 0 0 0.75 0.826087 -1 0.918 0.36 0.00886792 0.233214
1 0 0 0 0 0 0 0.25 -0.217391 1 0.344 0.128 0.045 0.531786
0 0 0 1 0 0 0 0.5 0.565217 -1 0.707 0.312 0.0403774 0.259643
0 0 0 0 0 0 1 0.0833333 -0.0434783 1 0.528 0.12 0.612925 0.677857
0 0 0 0 0 1 0 0.25 -0.217391 1 0.686 0.48692 0.0627358 0.3075
0 1 0 0 0 0 0 0.916667 1 -1 0.47 0.204 0.0108491 0.263571
0 0 0 0 0 0 1 1 -1 1 0.673 0.59272 0.00943396 0.133214
0 0 0 0 0 0 1 0.0833333 -0.0434783 1 0.498 0.144 0.291604 0.407143
1 0 0 0 0 0 0 0.666667 -0.652174 1 0.42 0.116 0.0110377 0.366786
0 1 0 0 0 0 0 0.833333 -0.826087 1 0.168 0.028 0.0138679 0.3275
0 0 1 0 0 0 0 0.333333 0.391304 -1 0.988 0.312 0.763962 0.205357
0 0 1 0 0 0 0 0.833333 0.913043 -1 0.495 0.08704 0.0108491 0.0885714
1 0 0 0 0 0 0 0.5 0.565217 -1 0.746 0.004 0.0280189 0.135357
0 0 0 0 0 1 0 0.833333 -0.826087 1 0.437 0.096 0.0115094 0.406071
0 0 0 0 0 1 0 1 -1 1 0.53 0.08 0.010566 0.292857
0 0 1 0 0 0 0 0.5 -0.478261 1 0.677 0.396 0.0103774 0.0485714
0 1 0 0 0 0 0 0.833333 -0.826087 1 0.513 0.256 0.010283 0.365
0 0 0 0 1 0 0 0.166667 -0.130435 1 0.82 0.492 0.404434 0.120714
0 0 0 0 0 1 0 0.916667 1 -1 0.516 0.14 0.0114151 0.269643
0 0 0 0 0 1 0 0.416667 -0.391304 1 0.605 0.216 0.0108491 0.153571
0 0 0 0 1 0 0 0.0833333 0.130435 -1 0.332 0.044 0.612075 0.475714
0 0 1 0 0 0 0 0.0833333 0.130435 -1 0.891 0.532 0.652075 0.0403571
0 0 0 0 1 0 0 0.416667 0.478261 -1 0.69 0.532 0.0576415 0.28
0 0 0 1 0 0 0 0.75 -0.73913 1 0.305 0.096 0.0124528 0.183214
1 0 0 0 0 0 0 0.75 0.826087 -1 0.537 0.276 0.010283 0.4025
0 0 0 0 1 0 0 0 0.0434783 -1 0.59 0.132 0.664528 0.257857
0 0 0 0 0 1 0 0 0.0434783 -1 0.635 0.088 0.584434 0.166429
0 0 0 1 0 0 0 0.666667 0.73913 -1 0.635 0.27932 0.01 0.0310714
0 0 0 0 1 0 0 0.166667 -0.130435 1 0.533 0.296 0.314623 0.263571
0 0 0 0 0 1 0 0.75 0.826087 -1 0.618 0.344 0.010566 0.124286
0 0 0 0 1 0 0 0.416667 0.478261 -1 0.71 0.504 0.108774 0.220357
0 1 0 0 0 0 0 0.5 -0.478261 1 0.65 0.216 0.010566 0.340357
0 0 0 0 0 0 1 0.833333 0.913043 -1 0.446 0.06 0.0115094 0.119286
0 0 0 0 0 1 0 0.916667 -0.913043 1 0.575 0.2944 0.010283 0.322857
0 1 0 0 0 0 0 0.5 -0.478261 1 0.673 0.572 0.010283 0.1825
0 0 0 0 1 0 0 0.916667 -0.913043 1 0.434 0.164 0.0113208 0.133214
0 1 0 0 0 0 0 0 0.0434783 -1 0.793 0.492 0.646604 0.180357
1 0 0 0 0 0 0 0.666667 0.73913 -1 0.422 0.136 0.0117925 0.216071
0 0 0 1 0 0 0 0.583333 -0.565217 1 0.349 0.11564 0.0116038 0.238571
0 0 0 1 0 0 0 0.333333 -0.304348 1 0.655 0.428 0.0392453 0.0696429
0 0 0 0 0 1 0 0.666667 -0.652174 1 0.662 0.57176 0.00971698 0.238929
0 0 0 0 0 1 0 0.416667 0.478261 -1 0.678 0.284 0.0915094 0.225714
0 0 0 0 0 0 1 0.833333 -0.826087 1 0.645 0.456 0.00943396 0.321071
0 0 1 0 0 0 0 0.0833333 -0.0434783 1 0.697 0.596 0.268585 0.151786
1 0 0 0 0 0 0 0.166667 -0.130435 1 0.109 0.028 0.164528 0.547857
0 1 0 0 0 0 0 0.25 0.304348 -1 0.854 0.32 0.655755 0.116786
0 0 0 0 1 0 0 0.916667 -0.913043 1 0.528 0.22576 0.0107547 0.282857
0 0 0 1 0 0 0 0.75 0.826087 -1 0.631 0.22376 0.01 0.0214286
0 0 0 1 0 0 0 0.0833333 -0.0434783 1 0.532 0.176 0.550377 0.465714
1 0 0 0 0 0 0 0.833333 -0.826087 1 0.819 0.736 0.00943396 0.272143
0 0 0 1 0 0 0 0.75 -0.73913 1 0.442 0.028 0.0118868 0.0532143
0 0 0 1 0 0 0 0.25 0.304348 -1 0.653 0.06 0.528208 0.276429
0 0 0 0 0 0 1 0.916667 -0.913043 1 0.484 0.08 0.0113208 0.260714
1 0 0 0 0 0 0 0.25 -0.217391 1 0.802 0.836 0.217925 0.221071
0 0 0 0 1 0 0 0.75 -0.73913 1 0.695 0.188 0.010283 0.161071
0 0 0 0 0 1 0 0.0833333 0.130435 -1 0.579 0.176 0.39283 0.282143
0 0 0 0 0 1 0 0.0833333 0.130435 -1 0.483 0.06308 0.617547 0.220357
1 0 0 0 0 0 0 0.0833333 0.130435 -1 0.737 0.724 0.069434 0.38
1 0 0 0 0 0 0 0.666667 -0.652174 1 0.605 0.38 0.010566 0.0125
0 1 0 0 0 0 0 0.583333 -0.565217 1 0.337 0.028 0.0121698 0.159286
0 0 0 0 0 1 0 0.166667 0.217391 -1 0.74 0.72 0.223208 0.372143
0 0 0 0 0 1 0 0.416667 -0.391304 1 0.533 0.256 0.0129245 0.131429
0 1 0 0 0 0 0 0 0.0434783 -1 0.465 0.13004 0.215377 0.277143
0 1 0 0 0 0 0 0.75 -0.73913 1 0.795 0.784 0.00933962 0.0925
1 0 0 0 0 0 0 0.833333 -0.826087 1 0.675 0.58 0.00943396 0.333571
1 0 0 0 0 0 0 0.916667 1 -1 0.751 0.628 0.00971698 0.181429
0 0 0 0 0 0 1 0.666667 0.73913 -1 0.844 0.204 0.0142453 0.131071
0 0 0 0 1 0 0 0.916667 -0.913043 1 0.633 0.40144 0.00990566 0.0460714
1 0 0 0 0 0 0 0.25 0.304348 -1 0.945 0.456 0.689906 0.185714
0 0 0 1 0 0 0 0.166667 -0.130435 1 0.717 0.4 0.408491 0.297143
0 0 1 0 0 0 0 0.75 0.826087 -1 0.675 0.164 0.00990566 0.199286
0 0 0 1 0 0 0 0.0833333 0.130435 -1 0.853 0.548 0.663113 0.396071
0 1 0 0 0 0 0 0.25 -0.217391 1 0.563 0.26 0.263491 0.0132143
0 1 0 0 0 0 0 0.166667 -0.130435 1 0.069 0.024 0.341792 0.213571
1 0 0 0 0 0 0 0.75 -0.73913 1 0.703 0.344 0.010283 0.0960714
1 0 0 0 0 0 0 0.666667 0.73913 -1 0.648 0.464 0.00981132 0.176786
0 1 0 0 0 0 0 0.833333 0.913043 -1 0.523 0.296 0.0109434 0.165714
1 0 0 0 0 0 0 0.25 -0.217391 1 0.721 0.60744 0.0328302 0.298214
0 0 0 0 1 0 0 0.416667 -0.391304 1 0.406 0.12 0.0116038 0.161071
0 0 1 0 0 0 0 0.75 -0.73913 1 0.816 0.712 0.00924528 0.248214
1 0 0 0 0 0 0 0.833333 -0.826087 1 0.439 0.124 0.0109434 0.376786
0 0 0 0 1 0 0 0.833333 0.913043 -1 0.751 0.44 0.00981132 0.187857
0 0 1 0 0 0 0 0.833333 -0.826087 1 0.494 0.068 0.0111321 0.349643
0 0 0 1 0 0 0 0.0833333 0.130435 -1 0.628 0.29456 0.148585 0.0192857
0 0 1 0 0 0 0 0.25 -0.217391 1 0.396 0.064 0.236792 0.387857
0 0 0 0 1 0 0 0.0833333 -0.0434783 1 0.864 0.528 0.599623 0.138214
1 0 0 0 0 0 0 0.833333 -0.826087 1 0.723 0.65988 0.00943396 0.300714
0 0 0 0 1 0 0 0.0833333 0.130435 -1 0.53 0.08 0.604245 0.467143
0 0 0 1 0 0 0 0.416667 -0.391304 1 0.293 0.09944 0.0123585 0.161071
0 0 1 0 0 0 0 0.166667 -0.130435 1 0.675 0.372 0.316887 0.360357
1 0 0 0 0 0 0 0 0.0434783 -1 0.419 0.084 0.562358 0.668214
0 0 1 0 0 0 0 0.833333 -0.826087 1 0.402 0.12144 0.0114151 0.416429
0 1 0 0 0 0 0 1 -1 1 0.722 0.59596 0.00924528 0.0607143
0 0 0 0 1 0 0 1 -1 1 0.63 0.38296 0.00990566 0.0471429
0 0 0 1 0 0 0 0.666667 0.73913 -1 0.553 0.092 0.0108491 0.314286
1 0 0 0 0 0 0 0.416667 0.478261 -1 0.64 0.276 0.0604717 0.1425
0 0 0 0 0 0 1 0.416667 -0.391304 1 0.77 0.812 0.00971698 0.136071
0 1 0 0 0 0 0 0.333333 0.391304 -1 0.839 0.176 0.774528 0.204643
0 1 0 0 0 0 0 0.333333 -0.304348 1 0.695 0.512 0.0213208 0.0528571
0 0 1 0 0 0 0 0.5 0.565217 -1 0.775 0.38 0.0176415 0.185357
0 0 0 0 0 1 0 0.833333 0.913043 -1 0.593 0.328 0.00990566 0.257143
1 0 0 0 0 0 0 0.333333 -0.304348 1 0.458 0.076 0.0353774 0.221071
0 0 1 0 0 0 0 0.5 -0.478261 1 0.66 0.352 0.0103774 0.3275
0 0 0 0 1 0 0 0.166667 0.217391 -1 0.673 0.284 0.590849 0.251071
1 0 0 0 0 0 0 1 -1 1 0.449 0.128 0.0114151 0.1775
0 0 0 0 0 0 1 0.916667 1 -1 0.771 0.216 0.00981132 0.167143
0 0 0 1 0 0 0 1 -1 1 0.77 0.608 0.00981132 0.142143
0 0 0 1 0 0 0 0.25 -0.217391 1 0.661 0.544 0.126698 0.140357
0 0 0 0 1 0 0 0.833333 -0.826087 1 0.686 0.352 0.010283 0.129643
1 0 0 0 0 0 0 0.583333 0.652174 -1 0.842 0.164 0.139623 0.396429
0 0 1 0 0 0 0 0.166667 0.217391 -1 0.911 0.492 0.648868 0.0828571
0 0 0 0 1 0 0 0.666667 0.73913 -1 0.629 0.22704 0.00990566 0.163571
0 1 0 0 0 0 0 0.25 -0.217391 1 0.671 0.544 0.0419811 0.318929
0 0 1 0 0 0 0 0.333333 -0.304348 1 0.575 0.384 0.0267925 0.263214
0 0 0 0 0 1 0 0.5 -0.478261 1 0.643 0.52 0.00981132 0.552143
0 0 0 0 0 0 1 0.25 0.304348 -1 0.732 0.224 0.522736 0.210714
1 0 0 0 0 0 0 0.0833333 0.130435 -1 0.861 0.568 0.683868 0.2725
0 0 0 0 0 1 0 0.75 0.826087 -1 0.846 0.36 0.00933962 0.142857
0 0 0 1 0 0 0 0.333333 0.391304 -1 0.898 0.252 0.519057 0.195
0 0 0 0 0 0 1 0 0.0434783 -1 0.545 0.144 0.483113 0.309286
0 0 0 1 0 0 0 0.916667 1 -1 0.432 0.144 0.0114151 0.168214
0 1 0 0 0 0 0 0.666667 0.73913 -1 0.657 0.312 0.00924528 0.239643
0 1 0 0 0 0 0 0.833333 0.913043 -1 0.888 0.5 0.00886792 0.247143
1 0 0 0 0 0 0 0.75 -0.73913 1 0.427 0.132 0.0117925 0.235
1 0 0 0 0 0 0 0.583333 0.652174 -1 0.66 0.436 0.00971698 0.113571
0 0 0 0 0 0 1 0.25 -0.217391 1 0.443 0.104 0.257547 0.3425
0 0 1 0 0 0 0 0.666667 -0.652174 1 0.518 0.268 0.0110377 0.249286
0 0 1 0 0 0 0 0.5 -0.478261 1 0.803 0.736 0.00933962 0.0775
0 0 0 0 0 0 1 0.416667 -0.391304 1 0.417 0.112 0.0121698 0.321429
0 0 0 0 1 0 0 0.166667 -0.130435 1 0.473 0.144 0.390566 0.338214
0 1 0 0 0 0 0 0.25 -0.217391 1 0.037 0.028 0.173679 0.260714
0 0 0 1 0 0 0 0.416667 -0.391304 1 0.704 0.644 0.0100943 0.1775
0 1 0 0 0 0 0 0.916667 1 -1 0.185 0.032 0.0134906 0.0735714
0 0 0 0 1 0 0 0.833333 -0.826087 1 0.349 0.11296 0.0119811 0.246071
0 0 0 0 0 1 0 0.5 0.565217 -1 0.82 0.696 0.0763208 0.218929
0 1 0 0 0 0 0 0.25 0.304348 -1 0.566 0.116 0.556792 0.284286
0 0 0 1 0 0 0 0.583333 0.652174 -1 0.605 0.2396 0.0140566 0.206071
1 0 0 0 0 0 0 0.916667 -0.913043 1 0.435 0.084 0.0108491 0.264643
0 0 0 0 0 0 1 1 -1 1 0.634 0.4504 0.00933962 0.242857
0 0 0 1 0 0 0 0.166667 -0.130435 1 0.638 0.224 0.335283 0.110714
1 0 0 0 0 0 0 0.0833333 -0.0434783 1 0.865 0.712 0.553585 0.354643
0 0 0 0 0 0 1 1 -1 1 0.57 0.332 0.0110377 0.134286
0 0 0 0 0 0 1 0.166667 0.217391 -1 0.732 0.1458 0.667264 0.166786
0 0 1 0 0 0 0 0.833333 0.913043 -1 0.791 0.256 0.0095283 0.0792857
0 0 0 0 1 0 0 0.583333 0.652174 -1 0.877 0.28 0.089717 0.261786
0 1 0 0 0 0 0 0.75 0.826087 -1 0.295 0.02 0.0123585 0.111786
0 1 0 0 0 0 0 1 -1 1 0.465 0.008 0.0110377 0.248571
0 0 0 0 0 1 0 0.333333 0.391304 -1 0.678 0.55668 0.0630189 0.205357
0 0 0 0 1 0 0 0.75 0.826087 -1 0.823 0.208 0.00943396 0.146429
0 0 0 0 1 0 0 0.583333 0.652174 -1 0.959 0.276 0.166604 0.337143
0 0 0 0 1 0 0 0.666667 -0.652174 1 0.596 0.3292 0.0100943 0.336786
0 1 0 0 0 0 0 0.333333 0.391304 -1 0.667 0.548 0.0910377 0.381429
0 0 0 0 0 1 0 0.833333 -0.826087 1 0.722 0.36 0.01 0.171071
0 0 1 0 0 0 0 0.916667 -0.913043 1 0.516 0.268 0.0110377 0.146071
0 0 0 0 0 1 0 0.833333 -0.826087 1 0.703 0.508 0.0100943 0.118214
0 1 0 0 0 0 0 0.416667 -0.391304 1 0.128 0.036 0.0141509 0.272857
0 0 0 1 0 0 0 0.75 -0.73913 1 0.59 0.31296 0.0103774 0.0692857
0 1 0 0 0 0 0 0.833333 -0.826087 1 0.077 0.028 0.014434 0.323571
0 0 1 0 0 0 0 0.833333 0.913043 -1 0.652 0.12 0.010566 0.215714
1 0 0 0 0 0 0 0.916667 1 -1 0.206 0.028 0.0134906 0.431786
0 1 0 0 0 0 0 0.25 0.304348 -1 0.78 0.064 0.736321 0.441071
0 0 1 0 0 0 0 0.583333 -0.565217 1 0.478 0.20568 0.010283 0.295357
0 0 0 1 0 0 0 0.583333 -0.565217 1 0.725 0.644 0.01 0.2075
0 0 1 0 0 0 0 0.916667 -0.913043 1 0.415 0.12852 0.0115094 0.343214
0 0 0 0 0 0 1 0.666667 -0.652174 1 0.657 0.59448 0.0095283 0.0882143
1 0 0 0 0 0 0 0.416667 -0.391304 1 0.399 0.108 0.0121698 0.257143
0 0 0 0 0 1 0 0.0833333 -0.0434783 1 0.521 0.284 0.135943 0.399286
0 0 0 0 1 0 0 0 0.0434783 -1 0.64 0.224 0.628208 0.488214
0 0 0 1 0 0 0 0.916667 1 -1 0.879 0.464 0.0090566 0.181429
0 0 0 1 0 0 0 0.166667 -0.130435 1 0.596 0.30184 0.0846226 0.0864286
0 1 0 0 0 0 0 0.416667 -0.391304 1 0.698 0.504 0.010283 0.095
0 1 0 0 0 0 0 0.0833333 0.130435 -1 0.738 0.076 0.802642 0.463214
0 1 0 0 0 0 0 0.833333 0.913043 -1 0.662 0.364 0.010283 0.2025
0 0 0 0 0 1 0 1 -1 1 0.671 0.148 0.010283 0.132143
0 1 0 0 0 0 0 0.583333 -0.565217 1 0.783 0.824 0.00943396 0.1675
0 0 0 0 1 0 0 0.666667 -0.652174 1 0.423 0.2 0.0115094 0.142143
0 0 1 0 0 0 0 0.416667 0.478261 -1 0.492 0.028 0.0387736 0.178929
0 0 1 0 0 0 0 0.75 -0.73913 1 0.464 0.176 0.0109434 0.217143
0 0 1 0 0 0 0 0.583333 -0.565217 1 0.394 0.184 0.0116038 0.307857
0 0 1 0 0 0 0 0.25 0.304348 -1 0.914 0.5 0.524057 0.256429
0 0 0 0 0 0 1 0.166667 0.217391 -1 0.562 0.032 0.793491 0.581071
0 0 0 0 1 0 0 0.5 -0.478261 1 0.709 0.544 0.010283 0.0278571
1 0 0 0 0 0 0 0.5 -0.478261 1 0.4 0.064 0.0110377 0.313929
0 0 0 0 0 1 0 0.333333 0.391304 -1 0.752 0.648 0.164717 0.437857
1 0 0 0 0 0 0 0.666667 0.73913 -1 0.259 0.028 0.0129245 0.5275
0 1 0 0 0 0 0 0.0833333 -0.0434783 1 0.113 0.028 0.486792 0.121071
0 0 1 0 0 0 0 0.25 0.304348 -1 0.489 0.024 0.0657547 0.130357
1 0 0 0 0 0 0 0.166667 -0.130435 1 0.834 0.804 0.421415 0.265357
0 1 0 0 0 0 0 0.916667 1 -1 0.298 0.02 0.0121698 0.101071
0 0 0 0 1 0 0 0 0.0434783 -1 0.664 0.532 0.15 0.327857
0 0 0 0 0 1 0 0.583333 0.652174 -1 0.51 0.26 0.0150943 0.265714
0 0 0 1 0 0 0 0.0833333 -0.0434783 1 0.407 0.048 0.471132 0.0717857
0 0 0 1 0 0 0 0.0833333 0.130435 -1 0.645 0.52904 0.0206604 0.116786
0 1 0 0 0 0 0 0.916667 1 -1 0.769 0.292 0.0095283 0.156786
0 0 0 1 0 0 0 0.75 -0.73913 1 0.414 0.116 0.0115094 0.174286
0 0 1 0 0 0 0 0.583333 -0.565217 1 0.427 0.15144 0.0110377 0.173929
0 0 0 0 0 1 0 0.916667 -0.913043 1 0.604 0.172 0.01 0.0796429
0 0 0 1 0 0 0 0.666667 -0.652174 1 0.828 0.648 0.00943396 0.0157143
0 0 1 0 0 0 0 0.0833333 0.130435 -1 0.941 0.428 0.868019 0.103929
0 0 1 0 0 0 0 0.5 -0.478261 1 0.461 0.18 0.0104717 0.32
0 0 1 0 0 0 0 0.916667 -0.913043 1 0.713 0.64 0.00990566 0.361429
0 0 0 0 1 0 0 0.833333 -0.826087 1 0.764 0.732 0.0095283 0.0985714
0 1 0 0 0 0 0 0.333333 -0.304348 1 0.328 0.144 0.0468868 0.0353571
0 0 0 0 0 1 0 1 -1 1 0.526 0.108 0.0104717 0.2275
0 1 0 0 0 0 0 0.333333 0.391304 -1 0.742 0.416 0.251038 0.271071
0 1 0 0 0 0 0 0.416667 -0.391304 1 0.422 0.14852 0.0114151 0.349286
1 0 0 0 0 0 0 0.416667 -0.391304 1 0.756 0.716 0.00981132 0.108571
0 0 0 0 0 0 1 0.5 0.565217 -1 0.322 0.084 0.014717 0.588214
0 0 0 0 0 1 0 0.333333 -0.304348 1 0.518 0.224 0.0296226 0.106786
0 1 0 0 0 0 0 0.416667 0.478261 -1 0.967 0.308 0.60283 0.246429
0 0 1 0 0 0 0 0.666667 0.73913 -1 0.608 0.304 0.0100943 0.408214
0 0 0 1 0 0 0 0.75 0.826087 -1 0.315 0.096 0.0121698 0.611786
0 0 0 0 0 1 0 0.75 0.826087 -1 0.68 0.51732 0.00943396 0.185714
0 0 0 0 0 0 1 0.0833333 0.130435 -1 0.578 0.232 0.476698 0.361071
0 0 0 0 0 0 1 0.583333 -0.565217 1 0.491 0.228 0.0108491 0.18
0 0 0 0 0 0 1 0.666667 -0.652174 1 0.398 0.112 0.0118868 0.3475
1 0 0 0 0 0 0 0.333333 -0.304348 1 0.635 0.46 0.0272642 0.0853571
0 0 0 0 0 1 0 0.5 0.565217 -1 0.525 0.036 0.0224528 0.0660714
0 0 0 1 0 0 0 0.0833333 0.130435 -1 0.715 0.068 0.865094 0.389286
1 0 0 0 0 0 0 0.833333 0.913043 -1 0.666 0.068 0.0100943 0.211429
0 0 0 0 0 0 1 0.916667 1 -1 0.702 0.492 0.01 0.201071
0 0 0 0 1 0 0 0.333333 -0.304348 1 0.673 0.504 0.0293396 0.0278571
0 0 0 0 0 1 0 0.583333 0.652174 -1 0.588 0.116 0.0625472 0.44
1 0 0 0 0 0 0 0.416667 0.478261 -1 0.952 0.424 0.54717 0.347143
0 0 0 1 0 0 0 0.5 0.565217 -1 0.762 0.36 0.014717 0.129643
0 0 0 0 1 0 0 0.5 -0.478261 1 0.281 0.052 0.0125472 0.497143
0 0 0 1 0 0 0 0.416667 0.478261 -1 0.812 0.06 0.466509 0.0953571
0 0 0 1 0 0 0 0.75 0.826087 -1 0.706 0.08 0.01 0.233214
0 0 0 1 0 0 0 0.416667 -0.391304 1 0.742 0.644 0.00990566 0.0567857
0 0 0 0 0 0 1 0.333333 0.391304 -1 0.56 0.236 0.065283 0.461071
0 0 0 1 0 0 0 0.833333 0.913043 -1 0.628 0.22192 0.01 0.0453571
1 0 0 0 0 0 0 0.666667 0.73913 -1 0.78 0.34 0.0115094 0.176429
0 0 1 0 0 0 0 0.583333 -0.565217 1 0.686 0.34 0.0103774 0.184286
0 0 0 0 1 0 0 0.583333 0.652174 -1 0.682 0.216 0.00924528 0.192857
0 0 1 0 0 0 0 0.75 -0.73913 1 0.466 0.192 0.0111321 0.1125
1 0 0 0 0 0 0 0.333333 -0.304348 1 0.715 0.62092 0.0166981 0.319643
1 0 0 0 0 0 0 0.333333 0.391304 -1 0.568 0.179 0.402075 0.418929
0 0 0 0 0 0 1 0.666667 -0.652174 1 0.466 0.248 0.0111321 0.1075
0 0 0 0 1 0 0 0.25 0.304348 -1 0.696 0.536 0.153019 0.206429
0 0 0 0 0 1 0 0.25 -0.217391 1 0.71 0.46 0.0884906 0.591071
1 0 0 0 0 0 0 0.0833333 0.130435 -1 0.613 0.24 0.643774 0.362857
1 0 0 0 0 0 0 0.75 -0.73913 1 0.765 0.668 0.00981132 0.272143
0 0 0 1 0 0 0 0.5 -0.478261 1 0.707 0.612 0.0100943 0.247857
0 0 0 0 0 1 0 0.833333 -0.826087 1 0.717 0.264 0.0100943 0.247857
0 0 0 0 0 0 1 0.416667 0.478261 -1 0.947 0.404 0.451321 0.305357
0 0 0 0 0 1 0 0.25 -0.217391 1 0.62 0.44132 0.0166981 0.1625
0 0 0 0 0 1 0 0.416667 0.478261 -1 0.603 0.32984 0.0590566 0.174286
0 0 0 0 0 1 0 0.333333 0.391304 -1 0.709 0.068 0.386887 0.183214
0 0 1 0 0 0 0 0.75 -0.73913 1 0.565 0.128 0.010566 0.211786
0 0 1 0 0 0 0 0.25 0.304348 -1 0.798 0.392 0.47066 0.222857
0 1 0 0 0 0 0 0.166667 -0.130435 1 0.636 0.304 0.440755 0.085
0 0 0 0 1 0 0 0.5 0.565217 -1 0.725 0.344 0.0811321 0.478929
0 0 1 0 0 0 0 0.166667 0.217391 -1 0.348 0.012 0.571981 0.196786
0 0 1 0 0 0 0 0.166667 -0.130435 1 0.421 0.044 0.389151 0.323571
1 0 0 0 0 0 0 0.666667 0.73913 -1 0.952 0.416 0.0514151 0.215357
0 0 0 0 0 1 0 0.25 0.304348 -1 0.888 0.052 0.757547 0.301786
0 0 0 0 0 1 0 0.75 0.826087 -1 0.573 0.164 0.010566 0.101429
0 1 0 0 0 0 0 0.416667 -0.391304 1 0.473 0.228 0.010566 0.166786
0 0 0 1 0 0 0 0.416667 -0.391304 1 0.337 0.148 0.0117925 0.1825
0 0 0 0 0 0 1 0.25 -0.217391 1 0.427 0.116 0.151132 0.404286
0 0 0 1 0 0 0 0.25 -0.217391 1 0.419 0.072 0.207075 0.07
0 0 0 0 0 1 0 0.75 0.826087 -1 0.545 0.14 0.01 0.4575
0 1 0 0 0 0 0 0.5 -0.478261 1 0.605 0.396 0.0107547 0.000714286
0 0 0 1 0 0 0 0.5 0.565217 -1 0.636 0.3534 0.0109434 0.0617857
0 0 0 1 0 0 0 0.833333 0.913043 -1 0.762 0.672 0.00971698 0.315714
1 0 0 0 0 0 0 0.833333 0.913043 -1 0.588 0.25028 0.00990566 0.331071
0 0 0 0 1 0 0 0.25 0.304348 -1 0.953 0.308 0.856038 0.391429
0 0 0 0 1 0 0 0.666667 0.73913 -1 0.83 0.14 0.00981132 0.231786
0 0 0 0 1 0 0 0.833333 -0.826087 1 0.729 0.704 0.00990566 0.329286
0 0 0 0 1 0 0 0.666667 -0.652174 1 0.691 0.508 0.010283 0.0767857
0 0 0 1 0 0 0 0.416667 0.478261 -1 0.556 0.28516 0.059717 0.337857
0 0 0 0 0 0 1 0.0833333 0.130435 -1 0.52 0.04 0.674623 0.323929
0 0 1 0 0 0 0 0.25 -0.217391 1 0.65 0.432 0.208491 0.1325
0 0 0 1 0 0 0 0.166667 -0.130435 1 0.71 0.648 0.10717 0.226071
0 1 0 0 0 0 0 1 -1 1 0.693 0.44 0.01 0.199286
0 0 0 1 0 0 0 0.166667 -0.130435 1 0.772 0.752 0.306321 0.253214
0 0 1 0 0 0 0 0.583333 -0.565217 1 0.519 0.264 0.0109434 0.158214
0 1 0 0 0 0 0 0.416667 -0.391304 1 0.663 0.56 0.010283 0.156786
0 0 0 0 1 0 0 0.166667 0.217391 -1 0.81 0.36 0.464717 0.236429
0 1 0 0 0 0 0 0.916667 -0.913043 1 0.523 0.252 0.010283 0.366786
1 0 0 0 0 0 0 0 0.0434783 -1 0.822 0.228 0.715094 0.414286
0 1 0 0 0 0 0 0.583333 -0.565217 1 0.735 0.684 0.00990566 0.214286
0 0 0 0 0 1 0 0.833333 0.913043 -1 0.805 0.26 0.0095283 0.113214
0 1 0 0 0 0 0 0.416667 0.478261 -1 0.986 0.38 0.666792 0.196071
0 0 0 0 1 0 0 0.416667 0.478261 -1 0.357 0.12 0.0977358 0.432857
1 0 0 0 0 0 0 0.583333 0.652174 -1 0.143 0.032 0.0138679 0.376786
0 0 0 0 0 0 1 0.333333 0.391304 -1 0.568 0.144 0.24434 0.907143
0 1 0 0 0 0 0 0.916667 -0.913043 1 0.594 0.132 0.0108491 0.283929
1 0 0 0 0 0 0 0.916667 -0.913043 1 0.412 0.084 0.0118868 0.1625
0 0 0 0 0 0 1 0.333333 -0.304348 1 0.615 0.46804 0.0162264 0.182143
0 1 0 0 0 0 0 0.166667 0.217391 -1 0.693 0.26 0.558679 0.430357
1 0 0 0 0 0 0 0.666667 -0.652174 1 0.416 0.052 0.0110377 0.279286
0 0 0 1 0 0 0 0.25 -0.217391 1 0.786 0.76 0.226415 0.113214
0 0 0 0 0 1 0 0.916667 -0.913043 1 0.764 0.756 0.0095283 0.349643
0 0 0 1 0 0 0 0.666667 0.73913 -1 0.78 0.124 0.01 0.0782143
0 1 0 0 0 0 0 0.333333 0.391304 -1 0.78 0.392 0.370755 0.301786
0 0 0 1 0 0 0 1 -1 1 0.623 0.46 0.01 0.219643
0 0 0 0 0 0 1 0.5 0.565217 -1 0.514 0.036 0.015283 0.128571
0 0 0 0 0 1 0 0.0833333 0.130435 -1 0.725 0.668 0.157358 0.294643
0 0 0 0 0 0 1 0.25 -0.217391 1 0.637 0.34312 0.0609434 0.1125
0 1 0 0 0 0 0 0.416667 -0.391304 1 0.438 0.16716 0.0110377 0.184286
0 0 1 0 0 0 0 0.583333 0.652174 -1 0.895 0.432 0.110849 0.25
0 0 0 0 0 0 1 0.0833333 -0.0434783 1 0.851 0.68 0.455 0.236786
1 0 0 0 0 0 0 0.666667 0.73913 -1 0.848 0.332 0.00971698 0.0442857
0 1 0 0 0 0 0 0 0.0434783 -1 0.728 0.464 0.122642 0.210357
0 0 0 0 0 1 0 0 0.0434783 -1 0.675 0.408 0.559528 0.247857
0 0 0 1 0 0 0 0.25 0.304348 -1 0.8 0.076 0.791604 0.111071
0 0 0 0 0 1 0 0.333333 -0.304348 1 0.6 0.216 0.0323585 0.243571
0 0 0 0 0 0 1 0.75 0.826087 -1 0.479 0.124 0.0114151 0.124643
0 0 0 0 1 0 0 0.666667 -0.652174 1 0.741 0.732 0.00990566 0.2025
0 0 0 0 0 1 0 0.25 -0.217391 1 0.451 0.136 0.0724528 0.262143
0 0 0 0 0 0 1 0.833333 0.913043 -1 0.814 0.424 0.00943396 0.309286
0 0 0 1 0 0 0 0.833333 0.913043 -1 0.53 0.136 0.0110377 0.242857
1 0 0 0 0 0 0 1 -1 1 0.524 0.076 0.0104717 0.412857
0 0 0 0 0 0 1 0.666667 0.73913 -1 0.863 0.312 0.01 0.151786
0 0 1 0 0 0 0 0.75 -0.73913 1 0.519 0.268 0.0109434 0.188214
1 0 0 0 0 0 0 0.416667 -0.391304 1 0.576 0.388 0.0108491 0.1275
0 0 1 0 0 0 0 0.75 0.826087 -1 0.813 0.564 0.0095283 0.228214
0 0 0 1 0 0 0 0.0833333 0.130435 -1 0.792 0.416 0.397453 0.3575
1 0 0 0 0 0 0 0.583333 -0.565217 1 0.447 0.088 0.0117925 0.242143
0 0 0 0 0 1 0 0.0833333 0.130435 -1 0.602 0.26448 0.0798113 0.227857
0 0 0 0 0 0 1 0.416667 0.478261 -1 0.524 0.012 0.265755 0.426429
0 0 0 0 1 0 0 0.666667 -0.652174 1 0.474 0.148 0.0115094 0.208929
0 0 0 0 1 0 0 0.25 0.304348 -1 0.695 0.52 0.137547 0.32
0 0 0 0 1 0 0 0.333333 0.391304 -1 0.931 0.44 0.740943 0.188929
0 0 0 0 1 0 0 0.583333 0.652174 -1 0.362 0.044 0.0121698 0.0642857
0 0 0 0 1 0 0 0.333333 -0.304348 1 0.478 0.26 0.0275472 0.235
1 0 0 0 0 0 0 0.75 -0.73913 1 0.429 0.188 0.0115094 0.0628571
0 0 1 0 0 0 0 0.166667 0.217391 -1 0.966 0.368 0.914057 0.115714
0 1 0 0 0 0 0 0.25 0.304348 -1 0.767 0.42 0.188868 0.241071
0 0 0 0 0 1 0 0.916667 -0.913043 1 0.841 0.66 0.00933962 0.160714
0 0 0 0 0 0 1 0.583333 -0.565217 1 0.772 0.816 0.00943396 0.140714
0 0 0 1 0 0 0 0.583333 0.652174 -1 0.895 0.232 0.0627358 0.131071
0 0 0 1 0 0 0 0.75 -0.73913 1 0.663 0.54 0.010283 0.174643
0 0 1 0 0 0 0 0.583333 0.652174 -1 0.57 0.116 0.01 0.164286
1 0 0 0 0 0 0 0.333333 0.391304 -1 0.453 0.1464 0.0334906 0.176786
0 1 0 0 0 0 0 1 -1 1 0.395 0.02 0.0117925 0.207143
0 0 0 0 1 0 0 0.666667 -0.652174 1 0.586 0.33868 0.010283 0.298929
0 1 0 0 0 0 0 0.916667 -0.913043 1 0.596 0.376 0.0104717 0.140714
0 0 0 0 0 1 0 0.75 -0.73913 1 0.561 0.22 0.0109434 0.349286
0 0 0 0 0 0 1 0.166667 0.217391 -1 0.642 0.376 0.151415 0.230357
0 0 0 1 0 0 0 0.333333 -0.304348 1 0.41 0.148 0.0256604 0.300714
0 0 1 0 0 0 0 0.583333 0.652174 -1 0.73 0.088 0.15566 0.287857
0 0 0 0 0 0 1 0.666667 -0.652174 1 0.633 0.40744 0.0100943 0.164286
0 0 1 0 0 0 0 0.75 0.826087 -1 0.308 0.092 0.0123585 0.0925
0 0 0 0 0 1 0 0.666667 0.73913 -1 0.487 0.284 0.0109434 0.424286
0 0 0 1 0 0 0 0.166667 0.217391 -1 0.601 0.048 0.585755 0.320357
0 0 1 0 0 0 0 0.333333 -0.304348 1 0.452 0.176 0.039717 0.383929
0 0 0 0 0 1 0 0 0.0434783 -1 0.712 0.664 0.0699057 0.244643
0 0 0 0 1 0 0 0.5 -0.478261 1 0.605 0.264 0.0107547 0.448214
0 0 0 0 0 1 0 0.75 -0.73913 1 0.764 0.728 0.00943396 0.244643
1 0 0 0 0 0 0 0.5 0.565217 -1 0.64 0.284 0.015 0.164286
0 0 0 0 1 0 0 0.75 -0.73913 1 0.498 0.24 0.010566 0.300357
0 1 0 0 0 0 0 0.833333 -0.826087 1 0.443 0.15036 0.0113208 0.256071
1 0 0 0 0 0 0 0.5 -0.478261 1 0.393 0.152 0.0119811 0.198571
1 0 0 0 0 0 0 0.0833333 -0.0434783 1 0.456 0.132 0.468396 0.6325
0 0 1 0 0 0 0 1 -1 1 0.868 0.712 0.00924528 0.170357
1 0 0 0 0 0 0 0.333333 -0.304348 1 0.456 0.104 0.0206604 0.0292857
0 0 0 0 0 0 1 0.166667 -0.130435 1 0.5 0.12 0.446321 0.643929
0 0 0 0 0 0 1 0.416667 0.478261 -1 0.607 0.18 0.134528 0.351786
0 1 0 0 0 0 0 0.583333 0.652174 -1 0.834 0.228 0.118868 0.2
0 0 0 0 1 0 0 0.166667 -0.130435 1 0.646 0.528 0.266226 0.421071
1 0 0 0 0 0 0 0.333333 0.391304 -1 0.708 0.37508 0.163585 0.0767857
0 0 0 0 0 1 0 0.0833333 0.130435 -1 0.881 0.6 0.443962 0.189286
0 0 0 1 0 0 0 0.833333 0.913043 -1 0.478 0.076 0.0107547 0.308214
0 0 0 0 1 0 0 0.333333 -0.304348 1 0.499 0.304 0.0187736 0.123929
0 0 0 1 0 0 0 0.916667 -0.913043 1 0.566 0.392 0.010566 0.227143
1 0 0 0 0 0 0 0.25 0.304348 -1 0.812 0.256 0.670566 0.279643
0 0 0 1 0 0 0 0.666667 0.73913 -1 0.737 0.06 0.015566 0.210357
1 0 0 0 0 0 0 0.916667 1 -1 0.508 0.196 0.010283 0.313929
0 0 1 0 0 0 0 0.916667 -0.913043 1 0.632 0.456 0.0104717 0.138571
0 0 1 0 0 0 0 0.25 0.304348 -1 0.714 0.556 0.325189 0.209643
1 0 0 0 0 0 0 0.25 -0.217391 1 0.474 0.28 0.178585 0.31
0 0 0 0 0 0 1 0.25 0.304348 -1 0.866 0.184 0.823585 0.325
0 0 0 0 0 1 0 0.5 0.565217 -1 0.893 0.072 0.284717 0.236071
0 0 1 0 0 0 0 0.916667 -0.913043 1 0.477 0.176 0.0110377 0.190357
0 0 0 0 1 0 0 0 0.0434783 -1 0.56 0.072 0.572925 0.195357
0 0 0 1 0 0 0 0.75 -0.73913 1 0.69 0.424 0.010283 0.216429
0 0 0 0 0 1 0 0.833333 0.913043 -1 0.648 0.36488 0.00933962 0.320357
1 0 0 0 0 0 0 0.583333 -0.565217 1 0.492 0.004 0.0109434 0.181429
1 0 0 0 0 0 0 0.166667 -0.130435 1 0.672 0.472 0.163208 0.0810714
0 0 0 0 1 0 0 0.833333 -0.826087 1 0.51 0.208 0.0103774 0.295
0 0 0 0 1 0 0 1 -1 1 0.545 0.324 0.0100943 0.298571
0 0 0 0 0 0 1 0.333333 0.391304 -1 0.819 0.272 0.409906 0.276786
0 0 0 1 0 0 0 0.583333 -0.565217 1 0.647 0.528 0.01 0.309286
0 0 0 1 0 0 0 0.916667 1 -1 0.741 0.152 0.01 0.075
0 1 0 0 0 0 0 0.333333 0.391304 -1 0.563 0.236 0.462358 0.5
1 0 0 0 0 0 0 0.666667 -0.652174 1 0.785 0.772 0.00943396 0.1625
0 1 0 0 0 0 0 0.75 -0.73913 1 0.479 0.16196 0.0110377 0.26
0 0 0 1 0 0 0 0.166667 -0.130435 1 0.451 0.152 0.333019 0.312857
