0 0 0 0 1 0 0 0.666667 0.73913 -1 0.85 0.18 0.0178302 0.201071
0 0 0 0 0 1 0 0.666667 0.73913 -1 0.675 0.3 0.00971698 0.113214
0 0 0 0 0 1 0 0.0833333 0.130435 -1 0.55 0.236 0.260755 0.491786
0 1 0 0 0 0 0 0.833333 0.913043 -1 0.715 0.588 0.01 0.251429
0 0 0 0 0 0 1 0.833333 0.913043 -1 0.493 0.016 0.0107547 0.115357
0 0 0 0 1 0 0 0.166667 0.217391 -1 0.35 0.136 0.200849 0.3925
1 0 0 0 0 0 0 0.666667 0.73913 -1 0.616 0.116 0.010566 0.2025
0 0 0 1 0 0 0 0.5 0.565217 -1 0.929 0.168 0.301887 0.226071
1 0 0 0 0 0 0 0.0833333 0.130435 -1 0.608 0.084 0.733585 0.0571429
0 0 0 1 0 0 0 0.75 0.826087 -1 0.565 0.152 0.0100943 0.258929
0 0 0 0 1 0 0 0.333333 -0.304348 1 0.744 0.74 0.0334906 0.149286
0 0 0 0 0 0 1 0.166667 -0.130435 1 0.648 0.484 0.273585 0.288571
0 0 0 1 0 0 0 0.833333 0.913043 -1 0.63 0.316 0.00990566 0.205714
0 0 0 0 0 0 1 0.666667 -0.652174 1 0.702 0.32 0.010283 0.318929
0 1 0 0 0 0 0 0.25 0.304348 -1 0.558 0.252 0.568774 0.485357
0 0 0 0 1 0 0 0.75 0.826087 -1 0.605 0.18812 0.01 0.181429
1 0 0 0 0 0 0 0.0833333 0.130435 -1 0.92 0.532 0.976415 0.266071
0 0 0 0 1 0 0 0.833333 0.913043 -1 0.59 0.16 0.010283 0.185357
0 0 0 0 0 0 1 0.583333 0.652174 -1 0.532 0.12628 0.00981132 0.855
1 0 0 0 0 0 0 0.666667 -0.652174 1 0.446 0.16 0.0119811 0.198214
0 0 0 0 0 0 1 0.583333 -0.565217 1 0.621 0.428 0.0100943 0.375
0 0 0 0 1 0 0 0.833333 -0.826087 1 0.707 0.444 0.0100943 0.161786
0 0 0 1 0 0 0 0.333333 -0.304348 1 0.4 0.068 0.0475472 0.0592857
0 0 0 0 0 1 0 0.5 0.565217 -1 0.512 0.256 0.0459434 0.397857
0 0 0 0 1 0 0 0.583333 0.652174 -1 0.683 0.536 0.0095283 0.249643
0 0 1 0 0 0 0 0.25 0.304348 -1 0.809 0.276 0.466509 0.353929
0 0 1 0 0 0 0 0.5 -0.478261 1 0.808 0.8 0.00943396 0.369643
0 0 0 0 0 1 0 0.25 -0.217391 1 0.484 0.228 0.0473585 0.227857
1 0 0 0 0 0 0 0 0.0434783 -1 0.129 0.028 0.398396 0.519643
0 0 0 1 0 0 0 0.666667 -0.652174 1 0.436 0.032 0.0118868 0.0557143
0 0 0 0 1 0 0 0.0833333 0.130435 -1 0.494 0.152 0.138679 0.223214
0 0 0 0 1 0 0 0.416667 -0.391304 1 0.459 0.16692 0.0114151 0.258214
0 0 1 0 0 0 0 0.583333 0.652174 -1 0.539 0.1 0.0104717 0.0278571
0 0 0 0 0 0 1 0.583333 0.652174 -1 0.628 0.156 0.0116038 0.273571
0 0 1 0 0 0 0 0 0.0434783 -1 0.586 0.276 0.267642 0.232143
0 0 1 0 0 0 0 0.416667 -0.391304 1 0.795 0.752 0.00933962 0.159286
0 0 0 0 0 1 0 0.333333 0.391304 -1 0.504 0.036 0.157547 0.403929
1 0 0 0 0 0 0 0.0833333 -0.0434783 1 0.726 0.46 0.473019 0.2725
0 0 0 0 0 1 0 0.5 0.565217 -1 0.421 0.12 0.0215094 0.0996429
0 0 0 0 0 1 0 0.916667 -0.913043 1 0.566 0.188 0.0109434 0.0946429
0 0 0 1 0 0 0 0.416667 0.478261 -1 0.851 0.54 0.148113 0.3425
0 0 1 0 0 0 0 0.583333 0.652174 -1 0.316 0.076 0.0120755 0.108214
0 0 0 0 1 0 0 0.5 0.565217 -1 0.651 0.272 0.0203774 0.295
0 0 0 0 0 1 0 0.333333 0.391304 -1 0.505 0.256 0.104151 0.308929
1 0 0 0 0 0 0 0.166667 0.217391 -1 0.642 0.512 0.152736 0.120714
0 0 0 0 0 1 0 0.583333 -0.565217 1 0.461 0.104 0.0111321 0.334286
1 0 0 0 0 0 0 0.666667 0.73913 -1 0.615 0.308 0.010283 0.193214
0 0 1 0 0 0 0 0.833333 0.913043 -1 0.703 0.18 0.0103774 0.0517857
0 0 1 0 0 0 0 0.166667 0.217391 -1 0.583 0.072 0.716604 0.270714
1 0 0 0 0 0 0 0.25 -0.217391 1 0.447 0.204 0.0436792 0.128929
0 0 0 0 0 1 0 0.333333 -0.304348 1 0.55 0.228 0.0117925 0.401429
0 0 1 0 0 0 0 0.583333 -0.565217 1 0.448 0.172 0.0115094 0.350714
0 0 0 0 1 0 0 0.916667 1 -1 0.561 0.332 0.0107547 0.268214
1 0 0 0 0 0 0 0.833333 0.913043 -1 0.494 0.212 0.0110377 0.32
1 0 0 0 0 0 0 0.166667 0.217391 -1 0.599 0.004 0.667264 0.491786
1 0 0 0 0 0 0 0.75 0.826087 -1 0.702 0.032 0.01 0.1975
0 1 0 0 0 0 0 0.333333 0.391304 -1 0.536 0.28 0.0745283 0.276786
0 0 1 0 0 0 0 0.833333 0.913043 -1 0.546 0.096 0.010566 0.0503571
0 0 0 0 1 0 0 0.833333 0.913043 -1 0.67 0.52 0.00971698 0.243929
0 0 0 1 0 0 0 0 0.0434783 -1 0.321 0.0862 0.0979245 0.0935714
0 1 0 0 0 0 0 0.0833333 -0.0434783 1 0.449 0.16972 0.0683019 0.314286
0 0 1 0 0 0 0 0.666667 0.73913 -1 0.707 0.388 0.00990566 0.314643
0 0 0 0 1 0 0 0.583333 0.652174 -1 0.338 0.128 0.0120755 0.300714
1 0 0 0 0 0 0 0.416667 -0.391304 1 0.098 0.044 0.0139623 0.541429
0 0 0 1 0 0 0 0.916667 -0.913043 1 0.504 0.096 0.0110377 0.0889286
0 0 0 0 1 0 0 0.583333 -0.565217 1 0.59 0.35388 0.010283 0.314643
0 0 0 0 0 1 0 0.166667 0.217391 -1 0.507 0.03956 0.581698 0.167857
0 0 0 0 0 1 0 0.833333 0.913043 -1 0.653 0.088 0.0103774 0.219286
0 0 0 0 0 1 0 0.0833333 -0.0434783 1 0.842 0.724 0.460566 0.200357
0 0 0 0 0 0 1 0.166667 0.217391 -1 0.569 0.244 0.211038 0.378929
0 0 0 1 0 0 0 0.333333 0.391304 -1 0.63 0.052 0.333962 0.291786
0 0 0 0 1 0 0 0.583333 -0.565217 1 0.479 0.248 0.0108491 0.243571
0 0 1 0 0 0 0 0.0833333 -0.0434783 1 0.586 0.192 0.489528 0.410714
0 0 0 0 0 1 0 0.916667 1 -1 0.553 0.168 0.010566 0.163214
0 0 0 0 1 0 0 0.333333 -0.304348 1 0.44 0.172 0.0129245 0.159286
0 0 0 0 1 0 0 0.25 -0.217391 1 0.632 0.5 0.0611321 0.331786
0 1 0 0 0 0 0 0.75 0.826087 -1 0.505 0.152 0.0110377 0.164286
0 0 0 0 0 0 1 0.833333 0.913043 -1 0.49 0.028 0.0107547 0.165
0 1 0 0 0 0 0 0.666667 0.73913 -1 0.435 0.11928 0.0110377 0.209286
0 0 0 0 0 1 0 0.583333 0.652174 -1 0.603 0.152 0.0103774 0.0285714
0 0 0 1 0 0 0 0.833333 -0.826087 1 0.501 0.096 0.0111321 0.0107143
1 0 0 0 0 0 0 0.0833333 -0.0434783 1 0.698 0.472 0.258491 0.128929
0 0 0 1 0 0 0 1 -1 1 0.43 0.124 0.0113208 0.174286
0 0 1 0 0 0 0 0.333333 -0.304348 1 0.727 0.688 0.0267925 0.323214
0 0 0 0 0 0 1 0 0.0434783 -1 0.549 0.108 0.729906 0.728214
0 0 1 0 0 0 0 0.916667 1 -1 0.675 0.528 0.0100943 0.383571
0 0 0 0 1 0 0 0.75 0.826087 -1 0.609 0.22 0.0107547 0.346786
0 0 0 0 0 0 1 0.333333 -0.304348 1 0.7 0.552 0.0162264 0.0582143
0 0 0 0 1 0 0 0 0.0434783 -1 0.73 0.212 0.728302 0.333929
0 0 0 0 0 0 1 1 -1 1 0.695 0.436 0.0100943 0.161786
0 1 0 0 0 0 0 0.833333 0.913043 -1 0.297 0.02 0.0123585 0.111786
0 1 0 0 0 0 0 0.166667 0.217391 -1 0.498 0.12272 0.322453 0.251429
0 0 0 0 0 0 1 0.583333 -0.565217 1 0.434 0.092 0.0117925 0.154643
0 0 0 1 0 0 0 0.333333 -0.304348 1 0.797 0.704 0.045283 0.0817857
0 0 0 0 0 0 1 0.75 -0.73913 1 0.661 0.46 0.0103774 0.127143
1 0 0 0 0 0 0 0.5 -0.478261 1 0.48 0.1742 0.0110377 0.143929
0 0 0 0 0 1 0 0.75 -0.73913 1 0.313 0.132 0.0123585 0.177143
1 0 0 0 0 0 0 0.583333 -0.565217 1 0.677 0.36 0.0104717 0.0342857
0 1 0 0 0 0 0 0.333333 -0.304348 1 0.59 0.4 0.0475472 0.00285714
0 0 0 0 0 1 0 0.416667 -0.391304 1 0.776 0.776 0.0100943 0.143929
0 0 0 1 0 0 0 0.5 -0.478261 1 0.394 0.12 0.0116038 0.192143
0 0 0 0 0 0 1 0.333333 0.391304 -1 0.759 0.17048 0.390094 0.242857
1 0 0 0 0 0 0 0.75 0.826087 -1 0.538 0.168 0.00990566 0.423571
0 0 0 0 0 0 1 0.666667 -0.652174 1 0.707 0.404 0.010283 0.0807143
0 0 0 0 0 1 0 0.25 -0.217391 1 0.687 0.592 0.0365094 0.212857
0 0 0 1 0 0 0 0 0.0434783 -1 0.546 0.024 0.443962 0.283929
0 0 0 0 1 0 0 0.833333 0.913043 -1 0.59 0.17648 0.0100943 0.223214
0 1 0 0 0 0 0 0.75 0.826087 -1 0.446 0.13104 0.0113208 0.347857
1 0 0 0 0 0 0 0.416667 0.478261 -1 0.732 0.08888 0.46283 0.186429
0 0 0 0 0 0 1 0.0833333 -0.0434783 1 0.59 0.364 0.472075 0.295357
1 0 0 0 0 0 0 0.5 0.565217 -1 0.676 0.556 0.0157547 0.553929
0 0 0 0 0 0 1 0.25 0.304348 -1 0.934 0.456 0.749245 0.243929
0 0 0 0 1 0 0 0.666667 0.73913 -1 0.775 0.08 0.0142453 0.18
0 0 0 1 0 0 0 0.916667 -0.913043 1 0.652 0.2 0.0108491 0.0625
0 0 1 0 0 0 0 0.5 0.565217 -1 0.601 0.076 0.0670755 0.163571
0 0 1 0 0 0 0 0.166667 0.217391 -1 0.544 0.108 0.583962 0.385
0 0 0 0 0 1 0 0.916667 -0.913043 1 0.315 0.132 0.0123585 0.197143
0 0 0 0 0 0 1 0.25 0.304348 -1 0.597 0.168 0.403491 0.439643
1 0 0 0 0 0 0 1 -1 1 0.503 0.076 0.0116038 0.160714
0 0 1 0 0 0 0 0.666667 -0.652174 1 0.605 0.392 0.0107547 0.144643
0 0 1 0 0 0 0 0.333333 0.391304 -1 0.854 0.468 0.329811 0.312143
0 0 0 1 0 0 0 0.75 0.826087 -1 0.531 0.112 0.0109434 0.3425
0 1 0 0 0 0 0 0 0.0434783 -1 0.447 0.1732 0.0942453 0.292857
1 0 0 0 0 0 0 0.75 0.826087 -1 0.769 0.58 0.00971698 0.229286
0 0 1 0 0 0 0 0.916667 1 -1 0.447 0.032 0.0118868 0.0303571
0 0 0 1 0 0 0 0.833333 -0.826087 1 0.805 0.66 0.00933962 0.166071
0 0 0 0 0 1 0 0.916667 1 -1 0.642 0.26416 0.00990566 0.226429
1 0 0 0 0 0 0 0.916667 1 -1 0.101 0.032 0.0142453 0.331786
1 0 0 0 0 0 0 0.0833333 0.130435 -1 0.642 0.036 0.767642 0.273214
0 0 0 1 0 0 0 0.583333 -0.565217 1 0.588 0.34844 0.0103774 0.0446429
0 0 0 0 0 0 1 0.5 -0.478261 1 0.62 0.42 0.0100943 0.3125
0 0 1 0 0 0 0 0.25 0.304348 -1 0.685 0.128 0.47717 0.497143
0 0 0 0 1 0 0 0.25 -0.217391 1 0.498 0.284 0.196038 0.108571
1 0 0 0 0 0 0 0.416667 0.478261 -1 0.87 0.316 0.374906 0.177143
0 0 1 0 0 0 0 0.666667 0.73913 -1 0.494 0.004 0.0108491 0.1875
0 0 0 0 0 1 0 0.166667 0.217391 -1 0.574 0.2 0.350472 0.481071
0 0 1 0 0 0 0 0.666667 -0.652174 1 0.809 0.72 0.00933962 0.111429
0 0 0 0 0 0 1 0.666667 0.73913 -1 0.738 0.624 0.00924528 0.368929
1 0 0 0 0 0 0 0.166667 0.217391 -1 0.847 0.168 0.620755 0.435714
0 0 0 0 0 1 0 0.833333 0.913043 -1 0.472 0.176 0.0110377 0.323214
0 0 0 1 0 0 0 0.583333 0.652174 -1 0.859 0.184 0.171698 0.289643
0 0 0 0 0 1 0 0.583333 -0.565217 1 0.77 0.792 0.00933962 0.127143
0 0 0 0 0 0 1 0.25 -0.217391 1 0.789 0.84 0.210755 0.186429
0 0 1 0 0 0 0 0.5 0.565217 -1 0.652 0.336 0.0201887 0.128214
1 0 0 0 0 0 0 0.0833333 0.130435 -1 0.621 0.27272 0.167264 0.137857
1 0 0 0 0 0 0 0.833333 0.913043 -1 0.65 0.06 0.0104717 0.255
0 1 0 0 0 0 0 0.916667 -0.913043 1 0.36 0.14 0.0121698 0.162143
0 0 0 0 1 0 0 0.333333 0.391304 -1 0.509 0.14 0.06 0.198929
0 0 0 0 0 1 0 0.666667 -0.652174 1 0.549 0.216 0.0110377 0.0125
0 0 0 1 0 0 0 0.166667 -0.130435 1 0.563 0.19484 0.265755 0.202857
0 0 1 0 0 0 0 0.333333 0.391304 -1 0.92 0.136 0.685849 0.148929
1 0 0 0 0 0 0 0.416667 -0.391304 1 0.449 0.1 0.0118868 0.133571
0 0 0 0 0 0 1 0.416667 -0.391304 1 0.355 0.136 0.0128302 0.241071
0 0 0 0 0 0 1 0.666667 -0.652174 1 0.445 0.088 0.0116038 0.196786
0 0 0 0 1 0 0 0.333333 -0.304348 1 0.621 0.43648 0.0160377 0.363214
1 0 0 0 0 0 0 0.0833333 -0.0434783 1 0.551 0.19644 0.195094 0.141786
1 0 0 0 0 0 0 0.833333 0.913043 -1 0.496 0.012 0.0107547 0.214643
0 0 0 0 0 1 0 0.416667 -0.391304 1 0.455 0.124 0.0113208 0.198929
0 0 0 0 1 0 0 0.666667 -0.652174 1 0.484 0.1704 0.0109434 0.148571
1 0 0 0 0 0 0 0.75 0.826087 -1 0.729 0.332 0.00981132 0.203214
0 1 0 0 0 0 0 0.666667 0.73913 -1 0.755 0.464 0.00981132 0.230714
0 0 0 0 0 0 1 0.166667 0.217391 -1 0.409 0.08 0.193962 0.443571
0 0 0 0 0 0 1 0.333333 -0.304348 1 0.456 0.204 0.0684906 0.363929
0 0 0 0 0 1 0 0.333333 -0.304348 1 0.429 0.064 0.0300943 0.247857
0 0 1 0 0 0 0 0.833333 0.913043 -1 0.463 0.112 0.0113208 0.0835714
1 0 0 0 0 0 0 0.166667 0.217391 -1 0.933 0.488 0.648868 0.242857
0 0 0 0 0 0 1 0.583333 0.652174 -1 0.426 0.172 0.0116038 0.0692857
0 0 1 0 0 0 0 0.0833333 0.130435 -1 0.451 0.1492 0.0585849 0.2775
0 1 0 0 0 0 0 1 -1 1 0.46 0.196 0.0113208 0.0842857
0 0 0 1 0 0 0 0.5 0.565217 -1 0.961 0.396 0.308585 0.290357
0 1 0 0 0 0 0 0.333333 -0.304348 1 0.519 0.24 0.0860377 0.035
0 0 0 0 0 0 1 0 0.0434783 -1 0.451 0.068 0.629057 0.345714
0 1 0 0 0 0 0 0.833333 0.913043 -1 0.667 0.188 0.010283 0.417857
1 0 0 0 0 0 0 0.333333 -0.304348 1 0.477 0.17472 0.0316981 0.103929
0 0 0 1 0 0 0 0.25 0.304348 -1 0.827 0.348 0.551226 0.296071
0 0 0 0 1 0 0 0.5 0.565217 -1 0.64 0.116 0.019434 0.0778571
0 1 0 0 0 0 0 0.25 -0.217391 1 0.628 0.48 0.129528 0.140357
0 0 0 1 0 0 0 0.0833333 -0.0434783 1 0.873 0.644 0.562736 0.149643
0 0 0 0 0 1 0 0.75 -0.73913 1 0.805 0.68 0.00943396 0.215
1 0 0 0 0 0 0 0.166667 0.217391 -1 0.762 0.268 0.899057 0.303929
0 0 0 1 0 0 0 0.916667 1 -1 0.532 0.18344 0.0110377 0.173214
0 0 0 0 0 0 1 0.5 0.565217 -1 0.625 0.476 0.0123585 0.141071
0 0 1 0 0 0 0 0.833333 0.913043 -1 0.692 0.5 0.00971698 0.238571
0 1 0 0 0 0 0 0.916667 -0.913043 1 0.553 0.3 0.0111321 0.184286
0 0 0 1 0 0 0 0.25 -0.217391 1 0.698 0.632 0.0625472 0.191071
0 1 0 0 0 0 0 0.0833333 -0.0434783 1 0.692 0.364 0.534717 0.233571
0 0 0 0 1 0 0 0 0.0434783 -1 0.585 0.376 0.391981 0.279643
0 0 0 0 1 0 0 0.75 -0.73913 1 0.549 0.22316 0.0100943 0.0846429
0 1 0 0 0 0 0 0.833333 -0.826087 1 0.83 0.768 0.00933962 0.145714
0 0 0 0 1 0 0 0.5 -0.478261 1 0.677 0.52 0.0103774 0.0932143
0 1 0 0 0 0 0 0.666667 0.73913 -1 0.494 0.1296 0.0107547 0.127857
0 0 0 1 0 0 0 0.666667 0.73913 -1 0.684 0.216 0.00943396 0.353214
0 0 0 0 1 0 0 0.75 -0.73913 1 0.588 0.428 0.010283 0.279286
0 0 1 0 0 0 0 0.916667 -0.913043 1 0.853 0.724 0.00924528 0.161429
1 0 0 0 0 0 0 0.166667 0.217391 -1 0.829 0.48 0.698113 0.1675
0 0 0 0 1 0 0 0 0.0434783 -1 0.852 0.652 0.670943 0.178929
0 0 0 0 0 0 1 0.666667 -0.652174 1 0.69 0.59336 0.0095283 0.2075
0 0 0 1 0 0 0 0.666667 0.73913 -1 0.461 0.092 0.0110377 0.157857
0 0 0 0 1 0 0 0.5 -0.478261 1 0.428 0.188 0.0114151 0.1575
0 0 0 0 0 0 1 0.333333 -0.304348 1 0.507 0.14 0.100283 0.0442857
0 0 0 0 0 0 1 0.0833333 0.130435 -1 0.574 0.088 0.775 0.751786
0 1 0 0 0 0 0 1 -1 1 0.19 0.028 0.0134906 0.449643
0 1 0 0 0 0 0 0.5 0.565217 -1 0.293 0.02 0.0142453 0.251786
0 1 0 0 0 0 0 0.5 0.565217 -1 0.787 0.132 0.208208 0.365714
0 1 0 0 0 0 0 0.75 0.826087 -1 0.71 0.544 0.01 0.200714
1 0 0 0 0 0 0 0.333333 -0.304348 1 0.417 0.128 0.0689623 0.329286
0 0 1 0 0 0 0 0.0833333 -0.0434783 1 0.439 0.04 0.511698 0.329286
0 0 0 0 1 0 0 0.0833333 0.130435 -1 0.806 0.488 0.624057 0.411786
0 0 0 0 0 0 1 0.333333 0.391304 -1 0.876 0.148 0.719811 0.275
0 0 0 0 1 0 0 0.583333 -0.565217 1 0.747 0.748 0.00981132 0.0928571
0 0 0 0 0 0 1 0 0.0434783 -1 0.871 0.624 0.393774 0.226071
0 0 0 0 0 1 0 0.0833333 -0.0434783 1 0.62 0.268 0.273208 0.152857
0 1 0 0 0 0 0 0.916667 1 -1 0.887 0.636 0.0090566 0.1525
0 1 0 0 0 0 0 0.75 -0.73913 1 0.616 0.392 0.0104717 0.275357
0 0 0 0 1 0 0 0.666667 0.73913 -1 0.681 0.192 0.00971698 0.00535714
0 0 0 0 0 0 1 0.416667 0.478261 -1 0.725 0.208 0.297547 0.2625
0 0 0 0 0 0 1 0.75 -0.73913 1 0.712 0.392 0.010283 0.0778571
0 0 0 1 0 0 0 0.666667 -0.652174 1 0.603 0.36432 0.0100943 0.1525
0 0 0 0 0 0 1 0.166667 0.217391 -1 0.747 0.648 0.486792 0.357857
0 0 1 0 0 0 0 0.333333 -0.304348 1 0.481 0.22 0.0135849 0.0417857
0 0 0 0 0 0 1 0.416667 0.478261 -1 0.495 0.14 0.0670755 0.279643
0 0 0 0 0 0 1 0.0833333 0.130435 -1 0.847 0.22 0.829245 0.316071
0 0 0 0 0 1 0 0.333333 0.391304 -1 0.417 0.116 0.307736 0.0421429
0 0 1 0 0 0 0 0.333333 -0.304348 1 0.531 0.292 0.0160377 0.162143
0 1 0 0 0 0 0 0.333333 0.391304 -1 0.534 0.12 0.0848113 0.180714
0 0 0 0 1 0 0 0.5 0.565217 -1 0.667 0.3296 0.133679 0.285357
0 0 1 0 0 0 0 0.833333 0.913043 -1 0.514 0.096 0.010566 0.142143
0 0 0 0 1 0 0 0.583333 -0.565217 1 0.493 0.252 0.010566 0.206429
0 0 1 0 0 0 0 0.0833333 -0.0434783 1 0.737 0.548 0.522736 0.266786
0 1 0 0 0 0 0 0.583333 -0.565217 1 0.67 0.564 0.0103774 0.0778571
0 1 0 0 0 0 0 0.416667 -0.391304 1 0.584 0.192 0.0109434 0.155714
0 0 0 1 0 0 0 0.833333 -0.826087 1 0.742 0.732 0.00990566 0.115714
0 1 0 0 0 0 0 0.583333 0.652174 -1 0.5 0.12176 0.0111321 0.233929
0 0 0 0 1 0 0 1 -1 1 0.781 0.496 0.00971698 0.233571
1 0 0 0 0 0 0 0.833333 0.913043 -1 0.757 0.6 0.00981132 0.239286
0 0 0 1 0 0 0 1 -1 1 0.654 0.46824 0.00990566 0.283214
0 0 0 0 0 0 1 0.75 -0.73913 1 0.467 0.104 0.0117925 0.301071
1 0 0 0 0 0 0 0.75 -0.73913 1 0.512 0.092 0.0107547 0.327857
0 0 0 0 0 0 1 0.0833333 0.130435 -1 0.478 0.048 0.680189 0.29
0 0 0 0 0 0 1 0.416667 0.478261 -1 0.748 0.2 0.205 0.167143
0 0 0 0 0 0 1 0.25 0.304348 -1 0.397 0.088 0.141226 0.474643
0 1 0 0 0 0 0 1 -1 1 0.475 0.268 0.0113208 0.277857
0 0 0 0 0 1 0 0.75 -0.73913 1 0.473 0.084 0.0110377 0.233929
0 0 0 0 0 0 1 0.583333 0.652174 -1 0.538 0.04 0.0178302 0.378571
0 0 0 0 0 1 0 0.416667 -0.391304 1 0.745 0.684 0.0113208 0.228214
0 0 1 0 0 0 0 0.916667 -0.913043 1 0.599 0.44 0.00971698 0.125
0 0 0 0 0 0 1 0.416667 -0.391304 1 0.481 0.196 0.014717 0.405
0 0 0 0 0 0 1 0.333333 0.391304 -1 0.626 0.444 0.074717 0.153214
0 0 1 0 0 0 0 0.333333 0.391304 -1 0.56 0.096 0.366132 0.291071
1 0 0 0 0 0 0 0.333333 -0.304348 1 0.657 0.408 0.0176415 0.0625
0 0 0 0 0 1 0 0.416667 0.478261 -1 0.808 0.048 0.179245 0.400714
0 0 0 0 1 0 0 0.583333 -0.565217 1 0.681 0.516 0.010283 0.1075
0 0 0 0 1 0 0 0.333333 -0.304348 1 0.635 0.4 0.0385849 0.0896429
0 0 0 0 0 1 0 0.0833333 -0.0434783 1 0.62 0.42536 0.015566 0.205
0 0 0 1 0 0 0 0.5 0.565217 -1 0.551 0.032 0.0942453 0.135714
0 0 1 0 0 0 0 0 0.0434783 -1 0.446 0.1 0.0809434 0.163214
1 0 0 0 0 0 0 0.333333 -0.304348 1 0.394 0.08 0.0300943 0.288929
0 0 0 0 0 0 1 0.666667 0.73913 -1 0.871 0.612 0.0383019 0.255357
0 0 0 0 0 1 0 0.0833333 -0.0434783 1 0.499 0.18 0.0245283 0.371429
0 0 0 0 0 0 1 0.166667 0.217391 -1 0.861 0.14 0.798962 0.234643
0 0 0 0 0 1 0 1 -1 1 0.319 0.048 0.0126415 0.0453571
0 1 0 0 0 0 0 0.666667 0.73913 -1 0.503 0.24 0.010566 0.285
0 0 0 0 0 1 0 0.833333 0.913043 -1 0.668 0.26264 0.0095283 0.163214
0 0 0 0 1 0 0 0.666667 0.73913 -1 0.773 0.5 0.00933962 0.369643
0 0 0 0 0 1 0 0.166667 -0.130435 1 0.524 0.232 0.126321 0.236786
0 0 0 0 0 1 0 1 -1 1 0.656 0.544 0.00981132 0.266429
0 0 0 0 1 0 0 0.666667 0.73913 -1 0.34 0.044 0.0124528 0.142857
0 1 0 0 0 0 0 0.75 -0.73913 1 0.817 0.796 0.00943396 0.107857
0 0 1 0 0 0 0 0.166667 0.217391 -1 0.578 0.25808 0.127642 0.285714
0 0 1 0 0 0 0 0.916667 -0.913043 1 0.46 0.184 0.0109434 0.388571
0 0 0 1 0 0 0 0.916667 -0.913043 1 0.39 0.12516 0.0113208 0.264286
0 0 1 0 0 0 0 0.333333 0.391304 -1 0.595 0.30884 0.0432075 0.261071
0 0 0 0 0 0 1 1 -1 1 0.799 0.428 0.0095283 0.158571
0 0 0 1 0 0 0 0.75 0.826087 -1 0.592 0.112 0.00990566 0.227857
0 0 0 0 0 0 1 0.916667 1 -1 0.432 0.068 0.0116038 0.147857
0 0 0 1 0 0 0 0.75 0.826087 -1 0.774 0.636 0.00971698 0.290714
1 0 0 0 0 0 0 0.333333 0.391304 -1 0.662 0.468 0.11434 0.0378571
0 0 0 0 0 1 0 0.0833333 0.130435 -1 0.349 0.132 0.525943 0.107143
0 0 0 0 0 1 0 0.666667 -0.652174 1 0.31 0.132 0.0124528 0.176071
0 0 0 0 1 0 0 0.25 0.304348 -1 0.849 0.524 0.428302 0.363571
0 0 0 0 0 1 0 0.916667 -0.913043 1 0.526 0.104 0.0103774 0.273214
0 0 0 0 0 1 0 0.583333 -0.565217 1 0.435 0.056 0.0116038 0.353571
0 0 0 0 0 0 1 0.916667 1 -1 0.685 0.604 0.00933962 0.405357
0 0 0 0 1 0 0 1 -1 1 0.541 0.23064 0.0103774 0.248929
1 0 0 0 0 0 0 0.5 0.565217 -1 0.97 0.392 0.342736 0.201786
0 0 1 0 0 0 0 0.916667 1 -1 0.653 0.18 0.01 0.166786
0 1 0 0 0 0 0 0 0.0434783 -1 0.888 0.572 0.763962 0.333571
0 0 1 0 0 0 0 0.166667 0.217391 -1 0.706 0.108 0.867925 0.375
0 0 0 0 0 1 0 0.333333 -0.304348 1 0.772 0.812 0.0358491 0.163571
0 0 1 0 0 0 0 0.25 -0.217391 1 0.73 0.688 0.0429245 0.323929
0 1 0 0 0 0 0 0.416667 -0.391304 1 0.566 0.22168 0.00990566 0.584286
0 0 0 0 0 1 0 0.416667 -0.391304 1 0.307 0.14 0.0124528 0.186071
0 0 0 1 0 0 0 1 -1 1 0.521 0.1 0.010566 0.101429
0 0 0 0 0 0 1 0.833333 -0.826087 1 0.479 0.12 0.0117925 0.278929
0 0 0 0 0 1 0 0.416667 0.478261 -1 0.622 0.148 0.102075 0.0285714
0 0 1 0 0 0 0 0.333333 0.391304 -1 0.438 0.14276 0.0477358 0.33
0 0 0 0 0 1 0 0.166667 -0.130435 1 0.744 0.472 0.0668868 0.112857
0 0 0 0 1 0 0 1 -1 1 0.599 0.38 0.0100943 0.253929
0 0 0 0 0 1 0 0.166667 -0.130435 1 0.568 0.308 0.342736 0.08
0 1 0 0 0 0 0 0.0833333 -0.0434783 1 0.555 0.22 0.565566 0.217857
0 0 0 0 0 1 0 0.333333 -0.304348 1 0.569 0.24804 0.0109434 0.259643
0 0 0 1 0 0 0 0.833333 0.913043 -1 0.792 0.672 0.00933962 0.144286
0 0 0 0 1 0 0 0.0833333 0.130435 -1 0.615 0.1272 0.722075 0.38
0 0 0 0 0 1 0 0.166667 0.217391 -1 0.683 0.6 0.0814151 0.265357
0 0 0 0 0 0 1 0.666667 -0.652174 1 0.629 0.436 0.0100943 0.325
0 0 0 0 0 0 1 0 0.0434783 -1 0.524 0.048 0.688962 0.675357
0 0 1 0 0 0 0 0.333333 0.391304 -1 0.808 0.372 0.315943 0.2325
0 1 0 0 0 0 0 0.333333 -0.304348 1 0.473 0.1884 0.0130189 0.264643
0 0 0 0 0 0 1 0.75 0.826087 -1 0.838 0.356 0.00933962 0.232143
0 0 1 0 0 0 0 0.75 0.826087 -1 0.925 0.464 0.00896226 0.151786
1 0 0 0 0 0 0 0.833333 -0.826087 1 0.585 0.27768 0.0100943 0.191786
0 1 0 0 0 0 0 0.166667 0.217391 -1 0.752 0.448 0.260755 0.263571
0 0 0 0 0 1 0 0.333333 -0.304348 1 0.774 0.78 0.0454717 0.136429
1 0 0 0 0 0 0 0.583333 0.652174 -1 0.728 0.016 0.00981132 0.162857
0 0 0 1 0 0 0 0.25 0.304348 -1 0.894 0.256 0.739151 0.205714
0 0 1 0 0 0 0 0.833333 0.913043 -1 0.657 0.172 0.00990566 0.151071
0 0 0 0 0 0 1 1 -1 1 0.502 0.144 0.0114151 0.307857
0 0 0 0 1 0 0 0.333333 -0.304348 1 0.635 0.42648 0.0369811 0.123214
1 0 0 0 0 0 0 0.666667 -0.652174 1 0.797 0.776 0.00943396 0.275714
0 0 0 0 1 0 0 0.833333 -0.826087 1 0.63 0.40428 0.00990566 0.0510714
0 0 0 0 0 1 0 0.75 -0.73913 1 0.438 0.08 0.0115094 0.336786
0 0 0 0 0 1 0 0.25 -0.217391 1 0.3 0.056 0.185472 0.223214
0 0 0 0 0 0 1 0.916667 1 -1 0.727 0.57152 0.00933962 0.321786
0 0 0 1 0 0 0 0.916667 -0.913043 1 0.625 0.484 0.01 0.191071
0 0 0 0 0 1 0 0.916667 -0.913043 1 0.731 0.344 0.01 0.183929
0 0 1 0 0 0 0 0.166667 0.217391 -1 0.819 0.5 0.653019 0.250357
0 0 0 1 0 0 0 0.0833333 0.130435 -1 0.728 0.476 0.0613208 0.562857
0 0 0 0 0 0 1 0.666667 -0.652174 1 0.498 0.232 0.0107547 0.247143
0 0 0 1 0 0 0 0.416667 -0.391304 1 0.647 0.528 0.010283 0.370714
1 0 0 0 0 0 0 1 -1 1 0.693 0.492 0.0100943 0.187143
0 0 0 0 1 0 0 0.833333 0.913043 -1 0.791 0.256 0.0095283 0.124643
0 0 0 0 0 0 1 0 0.0434783 -1 0.757 0.192 0.722642 0.285
0 1 0 0 0 0 0 0.333333 -0.304348 1 0.026 0.028 0.0339623 0.206071
0 0 0 1 0 0 0 0.583333 0.652174 -1 0.713 0.16 0.0103774 0.495
0 0 0 0 1 0 0 0.25 -0.217391 1 0.71 0.66 0.104434 0.268929
0 0 1 0 0 0 0 0.333333 0.391304 -1 0.653 0.32 0.149811 0.266071
0 0 0 0 0 1 0 0 0.0434783 -1 0.831 0.224 0.732075 0.360714
0 0 0 0 1 0 0 0.75 0.826087 -1 0.747 0.1 0.00990566 0.189286
0 1 0 0 0 0 0 0.583333 0.652174 -1 0.714 0.504 0.00990566 0.253214
1 0 0 0 0 0 0 1 -1 1 0.473 0.028 0.0108491 0.128214
0 0 0 0 1 0 0 1 -1 1 0.46 0.116 0.0108491 0.344286
0 0 0 0 0 1 0 0.583333 0.652174 -1 0.658 0.328 0.0100943 0.1025
0 0 0 0 0 0 1 0 0.0434783 -1 0.49 0.148 0.256132 0.348571
0 0 1 0 0 0 0 0.75 0.826087 -1 0.59 0.34 0.0103774 0.3075
0 0 0 0 1 0 0 0.416667 -0.391304 1 0.57 0.216 0.0108491 0.169643
0 0 0 0 1 0 0 0.75 0.826087 -1 0.807 0.168 0.0095283 0.279286
0 0 0 1 0 0 0 0.25 -0.217391 1 0.552 0.20952 0.206604 0.3075
0 0 0 0 1 0 0 0.0833333 0.130435 -1 0.814 0.6 0.373113 0.443571
0 0 0 0 0 1 0 0.833333 0.913043 -1 0.596 0.348 0.0107547 0.142857
0 0 0 0 0 1 0 0.75 0.826087 -1 0.494 0.24 0.010566 0.238929
1 0 0 0 0 0 0 0.5 0.565217 -1 0.438 0.136 0.0215094 0.360357
0 0 0 0 1 0 0 0.0833333 0.130435 -1 0.655 0.196 0.607453 0.358929
1 0 0 0 0 0 0 0.583333 -0.565217 1 0.424 0.108 0.0111321 0.3575
0 1 0 0 0 0 0 0.666667 0.73913 -1 0.526 0.3 0.0108491 0.115714
0 0 1 0 0 0 0 0.666667 -0.652174 1 0.695 0.62 0.0100943 0.284643
0 1 0 0 0 0 0 0.75 -0.73913 1 0.434 0.2 0.0115094 0.201786
0 0 0 0 0 1 0 0.0833333 -0.0434783 1 0.59 0.116 0.479906 0.101071
0 0 0 1 0 0 0 0.666667 -0.652174 1 0.474 0.096 0.0111321 0.148929
0 1 0 0 0 0 0 0.75 0.826087 -1 0.794 0.3 0.00981132 0.233571
0 0 0 0 1 0 0 0.75 -0.73913 1 0.428 0.196 0.0114151 0.115
0 0 0 0 1 0 0 0.166667 0.217391 -1 0.683 0.528 0.139906 0.291786
1 0 0 0 0 0 0 0 0.0434783 -1 0.359 0.128 0.10717 0.533929
0 0 0 1 0 0 0 0.25 0.304348 -1 0.6 0.15976 0.273208 0.227143
1 0 0 0 0 0 0 0.583333 -0.565217 1 0.365 0.148 0.0119811 0.515
0 0 0 0 1 0 0 0.333333 -0.304348 1 0.329 0.11868 0.0149057 0.351071
0 0 1 0 0 0 0 0.5 0.565217 -1 0.332 0.052 0.0126415 0.138571
0 1 0 0 0 0 0 0.833333 -0.826087 1 0.753 0.596 0.00990566 0.0764286
0 0 0 0 0 1 0 1 -1 1 0.76 0.768 0.0095283 0.401071
0 0 0 0 0 1 0 0.583333 -0.565217 1 0.662 0.49256 0.00971698 0.299643
0 0 0 0 0 1 0 0.166667 0.217391 -1 0.659 0.088 0.612547 0.678929
0 1 0 0 0 0 0 0.666667 -0.652174 1 0.543 0.22944 0.0107547 0.181786
1 0 0 0 0 0 0 0.75 -0.73913 1 0.676 0.584 0.00943396 0.344286
0 0 0 0 0 1 0 0.666667 -0.652174 1 0.602 0.392 0.00981132 0.233214
0 0 0 0 0 0 1 0.0833333 -0.0434783 1 0.66 0.032 0.616226 0.0539286
0 0 0 0 0 1 0 0.416667 -0.391304 1 0.568 0.33072 0.010566 0.242857
0 1 0 0 0 0 0 0.25 0.304348 -1 0.758 0.44 0.199528 0.328214
0 0 0 0 1 0 0 0.666667 0.73913 -1 0.332 0.128 0.0120755 0.294643
0 0 0 0 1 0 0 0.416667 -0.391304 1 0.671 0.536 0.0103774 0.111786
0 0 0 0 0 1 0 0.833333 -0.826087 1 0.487 0.104 0.0109434 0.208214
0 0 0 0 1 0 0 1 -1 1 0.435 0.152 0.0114151 0.178571
0 0 1 0 0 0 0 0.666667 -0.652174 1 0.603 0.4442 0.010566 0.100714
0 0 0 1 0 0 0 0.166667 0.217391 -1 0.6 0.14 0.586226 0.329286
0 0 0 1 0 0 0 0.75 0.826087 -1 0.7 0.384 0.00990566 0.0485714
0 0 1 0 0 0 0 1 -1 1 0.518 0.088 0.0110377 0.366071
0 0 0 1 0 0 0 0.5 0.565217 -1 0.557 0.24996 0.0229245 0.395357
0 0 0 0 1 0 0 0.25 0.304348 -1 0.678 0.228 0.469811 0.325714
0 0 0 0 0 1 0 1 -1 1 0.45 0.104 0.0115094 0.442143
0 1 0 0 0 0 0 0.416667 -0.391304 1 0.777 0.828 0.0095283 0.138214
0 0 0 0 1 0 0 0.916667 1 -1 0.585 0.176 0.0108491 0.085
0 0 0 0 0 1 0 0.583333 -0.565217 1 0.783 0.736 0.00971698 0.201786
0 0 0 1 0 0 0 0 0.0434783 -1 0.799 0.312 0.763208 0.225
0 0 1 0 0 0 0 0.5 -0.478261 1 0.586 0.244 0.0109434 0.245357
0 0 0 1 0 0 0 0.166667 -0.130435 1 0.705 0.504 0.168868 0.2275
0 0 0 0 0 1 0 0.25 0.304348 -1 0.807 0.236 0.44717 0.228571
0 0 0 0 0 1 0 0.5 0.565217 -1 0.826 0.04 0.34717 0.333571
0 1 0 0 0 0 0 0.333333 0.391304 -1 0.833 0.276 0.686792 0.224286
0 0 0 1 0 0 0 0.583333 -0.565217 1 0.59 0.24 0.0109434 0.124286
0 0 1 0 0 0 0 0.416667 0.478261 -1 0.658 0.328 0.080283 0.247143
0 0 0 1 0 0 0 0 0.0434783 -1 0.558 0.124 0.590377 0.257857
0 0 0 0 1 0 0 0.916667 -0.913043 1 0.441 0.124 0.0109434 0.328571
0 1 0 0 0 0 0 0.166667 -0.130435 1 0.679 0.496 0.229245 0.195357
1 0 0 0 0 0 0 0.416667 -0.391304 1 0.638 0.456 0.0104717 0.0775
0 0 0 0 1 0 0 0.333333 -0.304348 1 0.567 0.228 0.0316981 0.1725
0 0 0 0 0 0 1 0 0.0434783 -1 0.427 0.152 0.15434 0.0689286
0 0 0 0 0 0 1 0.833333 -0.826087 1 0.725 0.372 0.0100943 0.0885714
0 0 0 0 1 0 0 0.166667 0.217391 -1 0.666 0.208 0.729906 0.542143
0 0 0 0 0 1 0 0.916667 1 -1 0.704 0.16 0.0100943 0.167857
0 1 0 0 0 0 0 0.833333 -0.826087 1 0.37 0.02 0.0119811 0.177857
0 0 0 1 0 0 0 0.75 0.826087 -1 0.347 0.07764 0.0118868 0.119643
0 1 0 0 0 0 0 0.5 0.565217 -1 0.985 0.388 0.441226 0.227143
1 0 0 0 0 0 0 0.416667 -0.391304 1 0.66 0.364 0.0104717 0.0667857
0 1 0 0 0 0 0 0.916667 -0.913043 1 0.699 0.452 0.01 0.187143
0 0 0 1 0 0 0 0.25 0.304348 -1 0.609 0.16 0.529623 0.316429
0 0 0 0 0 1 0 0.25 0.304348 -1 0.755 0.3 0.454623 0.276071
1 0 0 0 0 0 0 0.166667 -0.130435 1 0.528 0.19044 0.220189 0.164643
0 0 0 1 0 0 0 0.833333 0.913043 -1 0.767 0.308 0.00981132 0.351786
0 0 0 1 0 0 0 0.833333 -0.826087 1 0.485 0.12 0.0107547 0.0407143
1 0 0 0 0 0 0 0.166667 -0.130435 1 0.456 0.22 0.0518868 0.146429
0 0 1 0 0 0 0 0.916667 -0.913043 1 0.304 0.02 0.0123585 0.0367857
0 0 0 0 0 0 1 0.25 0.304348 -1 0.815 0.108 0.801887 0.267143
1 0 0 0 0 0 0 0.5 -0.478261 1 0.715 0.63788 0.00943396 0.333571
0 0 1 0 0 0 0 0.583333 0.652174 -1 0.476 0.1 0.0110377 0.130714
0 0 0 0 0 0 1 0.833333 -0.826087 1 0.535 0.244 0.0107547 0.146429
0 0 1 0 0 0 0 0.0833333 -0.0434783 1 0.82 0.668 0.436132 0.278929
0 0 0 1 0 0 0 1 -1 1 0.573 0.23972 0.010566 0.28
0 0 0 0 1 0 0 0.666667 -0.652174 1 0.427 0.136 0.0110377 0.211071
1 0 0 0 0 0 0 0.25 -0.217391 1 0.463 0.108 0.139906 0.0253571
0 0 1 0 0 0 0 0.583333 0.652174 -1 0.703 0.548 0.0203774 0.408214
0 0 1 0 0 0 0 0.333333 -0.304348 1 0.171 0.032 0.0312264 0.2575
0 0 1 0 0 0 0 0.916667 1 -1 0.663 0.444 0.010283 0.195
0 0 0 0 1 0 0 0.75 -0.73913 1 0.687 0.3 0.010283 0.401429
0 0 1 0 0 0 0 0.166667 -0.130435 1 0.801 0.66 0.222264 0.269643
0 0 0 0 1 0 0 0.833333 0.913043 -1 0.806 0.456 0.0095283 0.108929
0 0 0 0 0 0 1 0.166667 0.217391 -1 0.697 0.628 0.182264 0.285
1 0 0 0 0 0 0 0.25 -0.217391 1 0.655 0.544 0.0963208 0.189643
0 1 0 0 0 0 0 0.916667 -0.913043 1 0.533 0.224 0.0103774 0.322857
0 1 0 0 0 0 0 0.75 0.826087 -1 0.604 0.136 0.0103774 0.0285714
0 0 0 0 0 0 1 0.5 0.565217 -1 0.592 0.16 0.0353774 0.246786
0 0 0 1 0 0 0 0.25 -0.217391 1 0.675 0.44 0.199057 0.151786
1 0 0 0 0 0 0 0.166667 -0.130435 1 0.465 0.06 0.201132 0.3575
0 0 1 0 0 0 0 0.166667 0.217391 -1 0.702 0.132 0.721132 0.146429
0 0 0 1 0 0 0 0.5 0.565217 -1 0.812 0.076 0.287453 0.150357
0 0 0 0 1 0 0 0.583333 0.652174 -1 0.693 0.188 0.01 0.00214286
0 0 0 0 1 0 0 0.833333 -0.826087 1 0.829 0.496 0.00943396 0.0892857
0 0 0 0 0 0 1 0.0833333 0.130435 -1 0.789 0.276 0.578396 0.277143
0 0 0 1 0 0 0 0.75 -0.73913 1 0.545 0.324 0.010566 0.298571
0 0 0 0 1 0 0 0.416667 -0.391304 1 0.454 0.216 0.0168868 0.075
0 1 0 0 0 0 0 0.25 -0.217391 1 0.689 0.536 0.121226 0.0492857
0 0 1 0 0 0 0 0.416667 -0.391304 1 0.699 0.632 0.0100943 0.204643
1 0 0 0 0 0 0 0.666667 -0.652174 1 0.489 0.048 0.0110377 0.44
0 0 0 1 0 0 0 0.416667 0.478261 -1 0.787 0.336 0.11934 0.137857
0 0 0 0 0 0 1 0.916667 1 -1 0.713 0.396 0.01 0.143571
0 0 0 1 0 0 0 0.166667 0.217391 -1 0.587 0.08836 0.356981 0.223929
0 0 0 0 0 0 1 0.416667 0.478261 -1 0.825 0.264 0.244811 0.248929
0 0 0 0 0 1 0 0.916667 1 -1 0.487 0.232 0.0109434 0.284286
1 0 0 0 0 0 0 0.333333 0.391304 -1 0.36 0.036 0.32566 0.614286
0 1 0 0 0 0 0 0.583333 -0.565217 1 0.342 0.136 0.0125472 0.0867857
0 0 0 0 1 0 0 0.583333 -0.565217 1 0.631 0.44012 0.01 0.195714
0 0 0 0 1 0 0 0.833333 -0.826087 1 0.438 0.116 0.0110377 0.289643
0 0 0 0 0 0 1 0.0833333 -0.0434783 1 0.484 0.072 0.569717 0.3625
0 0 0 1 0 0 0 0.0833333 0.130435 -1 0.609 0.124 0.63783 0.143214
1 0 0 0 0 0 0 1 -1 1 0.531 0.28068 0.01 0.201071
0 0 0 0 0 0 1 0.0833333 0.130435 -1 0.494 0.144 0.354623 0.314643
0 0 0 0 1 0 0 0.666667 0.73913 -1 0.622 0.044 0.01 0.247857
0 0 0 0 0 0 1 0.75 0.826087 -1 0.539 0.208 0.010566 0.242857
0 0 0 0 1 0 0 0.75 0.826087 -1 0.79 0.676 0.00933962 0.329643
1 0 0 0 0 0 0 0.916667 1 -1 0.452 0.1058 0.0109434 0.178571
0 0 1 0 0 0 0 0.833333 -0.826087 1 0.75 0.328 0.00981132 0.0417857
0 0 0 0 0 1 0 0.666667 0.73913 -1 0.678 0.424 0.00990566 0.137857
0 0 0 0 0 1 0 0.25 -0.217391 1 0.783 0.8 0.165849 0.105357
0 0 0 0 0 0 1 0.5 -0.478261 1 0.568 0.29628 0.010283 0.32
0 0 0 1 0 0 0 0.416667 0.478261 -1 0.554 0.024 0.292925 0.160357
0 0 1 0 0 0 0 0.833333 -0.826087 1 0.831 0.692 0.00915094 0.289286
0 0 0 0 0 0 1 0.916667 1 -1 0.233 0.048 0.0128302 0.532857
1 0 0 0 0 0 0 0.916667 1 -1 0.723 0.43476 0.00915094 0.06
0 1 0 0 0 0 0 0.0833333 0.130435 -1 0.445 0.16212 0.0696226 0.2925
0 0 0 0 0 0 1 0.333333 0.391304 -1 0.768 0.52 0.194245 0.383214
0 0 0 0 0 0 1 0.416667 0.478261 -1 0.525 0.084 0.161321 0.0357143
0 0 0 0 1 0 0 0.166667 0.217391 -1 0.94 0.364 0.898396 0.301786
0 0 0 0 1 0 0 0.916667 -0.913043 1 0.757 0.404 0.00981132 0.287143
0 0 0 0 0 1 0 0.25 -0.217391 1 0.565 0.25452 0.0222642 0.258214
1 0 0 0 0 0 0 0.416667 0.478261 -1 0.34 0.032 0.153019 0.586786
1 0 0 0 0 0 0 0.916667 1 -1 0.489 0.232 0.0111321 0.341071
1 0 0 0 0 0 0 0.25 -0.217391 1 0.419 0.18 0.215566 0.210357
1 0 0 0 0 0 0 0 0.0434783 -1 0.601 0.052 0.674245 0.257857
1 0 0 0 0 0 0 0.666667 0.73913 -1 0.135 0.032 0.0139623 0.396071
0 0 0 0 0 1 0 0 0.0434783 -1 0.748 0.16 0.722642 0.248571
0 1 0 0 0 0 0 0.5 0.565217 -1 0.44 0.12976 0.0136792 0.253571
0 0 0 1 0 0 0 0.666667 -0.652174 1 0.501 0.136 0.0107547 0.137143
1 0 0 0 0 0 0 0.5 -0.478261 1 0.11 0.04 0.0138679 0.525357
0 0 1 0 0 0 0 0.666667 0.73913 -1 0.551 0.128 0.010283 0.114286
0 0 0 1 0 0 0 0.916667 -0.913043 1 0.309 0.088 0.0123585 0.1625
0 1 0 0 0 0 0 0.416667 0.478261 -1 0.732 0.15544 0.442453 0.467857
0 0 0 0 0 1 0 0.666667 0.73913 -1 0.638 0.34 0.0103774 0.13
0 0 0 0 0 1 0 0.25 -0.217391 1 0.67 0.412 0.187736 0.136429
0 1 0 0 0 0 0 0.166667 0.217391 -1 0.787 0.316 0.733019 0.186429
0 0 0 0 1 0 0 0.416667 0.478261 -1 0.684 0.144 0.213491 0.075
0 0 0 0 0 0 1 0.75 -0.73913 1 0.413 0.112 0.0116038 0.390357
0 0 0 0 0 1 0 0.0833333 -0.0434783 1 0.572 0.25428 0.0633962 0.265357
0 0 0 0 0 1 0 0.333333 0.391304 -1 0.828 0.04 0.710377 0.354643
0 0 1 0 0 0 0 0.75 0.826087 -1 0.693 0.552 0.01 0.418571
0 0 1 0 0 0 0 1 -1 1 0.637 0.436 0.0103774 0.118929
1 0 0 0 0 0 0 0.583333 -0.565217 1 0.475 0.052 0.0111321 0.404643
0 0 1 0 0 0 0 0.166667 -0.130435 1 0.442 0.22 0.225755 0.126786
0 0 0 0 0 0 1 0 0.0434783 -1 0.797 0.284 0.690283 0.166786
0 0 0 0 0 0 1 0.583333 0.652174 -1 0.871 0.072 0.0772642 0.1725
0 0 1 0 0 0 0 0.0833333 0.130435 -1 0.568 0.396 0.126981 0.211071
0 0 0 0 1 0 0 0.0833333 -0.0434783 1 0.755 0.36 0.603774 0.193214
0 1 0 0 0 0 0 0 0.0434783 -1 0.205 0.028 0.390094 0.253214
0 1 0 0 0 0 0 0.75 0.826087 -1 0.944 0.42 0.00886792 0.151429
0 0 0 0 1 0 0 0.416667 0.478261 -1 0.707 0.18 0.170472 0.191429
0 0 0 0 0 0 1 0.5 -0.478261 1 0.42 0.116 0.0120755 0.263929
1 0 0 0 0 0 0 0.333333 -0.304348 1 0.427 0.16 0.111792 0.0278571
1 0 0 0 0 0 0 0.416667 0.478261 -1 0.802 0.244 0.608491 0.327857
0 1 0 0 0 0 0 0.0833333 0.130435 -1 0.916 0.48 0.856038 0.289643
0 0 0 0 0 0 1 0.416667 -0.391304 1 0.358 0.104 0.0123585 0.174643
0 0 0 0 0 1 0 0.416667 -0.391304 1 0.487 0.14 0.0109434 0.0414286
1 0 0 0 0 0 0 0.5 -0.478261 1 0.432 0.172 0.0115094 0.00535714
0 0 1 0 0 0 0 0.75 0.826087 -1 0.416 0.1052 0.0109434 0.450357
0 0 0 0 0 1 0 0.916667 -0.913043 1 0.444 0.104 0.0115094 0.413929
1 0 0 0 0 0 0 0.5 -0.478261 1 0.429 0.112 0.0110377 0.3475
0 0 0 0 1 0 0 0.666667 -0.652174 1 0.298 0.06 0.0124528 0.434643
0 1 0 0 0 0 0 0.166667 -0.130435 1 0.437 0.13916 0.130472 0.265357
0 1 0 0 0 0 0 0.75 0.826087 -1 0.533 0.144 0.0103774 0.00392857
0 0 0 0 0 0 1 0.416667 0.478261 -1 0.889 0.04 0.484528 0.306786
1 0 0 0 0 0 0 0.166667 0.217391 -1 0.736 0.69648 0.0982075 0.361429
0 1 0 0 0 0 0 0.75 -0.73913 1 0.673 0.476 0.010283 0.191429
0 0 0 0 0 1 0 0.166667 -0.130435 1 0.613 0.244 0.306321 0.633214
1 0 0 0 0 0 0 0.916667 1 -1 0.64 0.068 0.0104717 0.292143
0 0 0 1 0 0 0 0.583333 0.652174 -1 0.529 0.032 0.010566 0.1275
0 1 0 0 0 0 0 1 -1 1 0.794 0.436 0.00981132 0.152857
0 0 0 1 0 0 0 0.666667 0.73913 -1 0.692 0.4 0.01 0.0832143
0 0 1 0 0 0 0 0.416667 -0.391304 1 0.413 0.068 0.0119811 0.4
0 0 0 0 0 0 1 0.333333 0.391304 -1 0.886 0.056 0.64566 0.32
0 0 0 0 0 0 1 0.75 -0.73913 1 0.599 0.236 0.01 0.213571
0 0 0 0 0 0 1 0.416667 0.478261 -1 0.889 0.272 0.454623 0.158929
0 1 0 0 0 0 0 0.25 -0.217391 1 0.573 0.2 0.154623 0.263571
0 0 1 0 0 0 0 0.25 -0.217391 1 0.789 0.628 0.172358 0.293571
0 0 0 0 0 0 1 0.666667 0.73913 -1 0.744 0.436 0.00971698 0.297857
0 1 0 0 0 0 0 0.333333 0.391304 -1 0.451 0.13812 0.0724528 0.254286
0 0 0 0 1 0 0 0.916667 -0.913043 1 0.64 0.128 0.010566 0.297857
0 0 1 0 0 0 0 0.333333 0.391304 -1 0.73 0.1 0.730189 0.356429
1 0 0 0 0 0 0 0.166667 -0.130435 1 0.347 0.128 0.0560377 0.4925
1 0 0 0 0 0 0 0.916667 -0.913043 1 0.514 0.012 0.0107547 0.354643
0 0 1 0 0 0 0 0.25 0.304348 -1 0.533 0 0.501038 0.338571
1 0 0 0 0 0 0 0.333333 0.391304 -1 0.909 0.444 0.50934 0.0764286
0 0 0 0 0 0 1 0.416667 0.478261 -1 0.717 0.604 0.094717 0.228214
0 0 0 0 1 0 0 0.5 0.565217 -1 0.892 0.24 0.284906 0.300357
0 0 0 0 0 0 1 0.333333 -0.304348 1 0.634 0.34696 0.0130189 0.145714
0 0 0 0 1 0 0 0.0833333 0.130435 -1 0.678 0.54 0.256604 0.188214
0 0 0 1 0 0 0 0.75 0.826087 -1 0.804 0.648 0.00924528 0.148214
0 1 0 0 0 0 0 1 -1 1 0.522 0.22 0.010283 0.341786
0 0 0 1 0 0 0 0.833333 -0.826087 1 0.387 0.13052 0.0114151 0.252857
0 0 0 0 0 1 0 0.0833333 -0.0434783 1 0.705 0.188 0.571698 0.266071
0 0 0 0 1 0 0 0.166667 0.217391 -1 0.36 0.036 0.582547 0.380357
0 0 0 0 0 1 0 0.166667 -0.130435 1 0.697 0.51724 0.121226 0.331429
0 0 0 0 0 0 1 0.0833333 -0.0434783 1 0.571 0.304 0.180189 0.161071
0 0 0 1 0 0 0 0.5 -0.478261 1 0.695 0.624 0.01 0.195
0 0 0 0 0 1 0 0.666667 0.73913 -1 0.593 0.368 0.00971698 0.331071
0 0 0 0 0 1 0 0.333333 -0.304348 1 0.463 0.216 0.0168868 0.200714
0 0 1 0 0 0 0 0.5 -0.478261 1 0.587 0.388 0.0108491 0.225
0 0 1 0 0 0 0 0.166667 0.217391 -1 0.874 0.208 0.836792 0.2325
0 0 0 0 1 0 0 0.916667 1 -1 0.697 0.132 0.0100943 0.138929
0 0 0 0 0 1 0 1 -1 1 0.316 0.132 0.0123585 0.21
0 1 0 0 0 0 0 0.166667 0.217391 -1 0.449 0.1452 0.0648113 0.1725
0 0 0 1 0 0 0 0.166667 0.217391 -1 0.81 0.372 0.556792 0.340357
0 0 1 0 0 0 0 0.333333 0.391304 -1 0.349 0.04 0.0403774 0.199286
1 0 0 0 0 0 0 0.166667 -0.130435 1 0.68 0.592 0.104623 0.380714
0 1 0 0 0 0 0 0.666667 -0.652174 1 0.743 0.676 0.00981132 0.249286
1 0 0 0 0 0 0 0.666667 -0.652174 1 0.674 0.58 0.00943396 0.3525
0 0 0 0 0 1 0 0 0.0434783 -1 0.447 0.0896 0.588113 0.290357
0 0 0 0 1 0 0 0.25 0.304348 -1 0.685 0.24 0.516321 0.475357
0 0 0 1 0 0 0 0.333333 0.391304 -1 0.334 0.09456 0.0523585 0.191429
0 0 0 0 0 1 0 0.916667 -0.913043 1 0.635 0.252 0.0095283 0.192143
0 0 1 0 0 0 0 0.0833333 0.130435 -1 0.797 0.584 0.198113 0.301071
0 0 0 0 0 0 1 0.916667 -0.913043 1 0.334 0.136 0.0121698 0.158214
0 0 1 0 0 0 0 0.25 -0.217391 1 0.693 0.352 0.176415 0.280357
0 1 0 0 0 0 0 0.833333 -0.826087 1 0.561 0.24716 0.0104717 0.270357
0 0 0 1 0 0 0 0.916667 1 -1 0.521 0.132 0.0111321 0.100357
1 0 0 0 0 0 0 0.75 0.826087 -1 0.836 0.352 0.0095283 0.0310714
0 0 0 0 0 0 1 0.916667 1 -1 0.434 0.196 0.0115094 0.525
0 0 0 0 0 0 1 0.25 -0.217391 1 0.697 0.432 0.176415 0.13
0 0 1 0 0 0 0 1 -1 1 0.71 0.628 0.00990566 0.3725
0 0 0 0 0 1 0 0.166667 -0.130435 1 0.565 0.22728 0.0521698 0.3025
0 0 0 0 0 0 1 0.5 0.565217 -1 0.682 0.172 0.104906 0.257857
0 0 0 0 0 1 0 1 -1 1 0.74 0.672 0.00943396 0.332857
0 0 0 0 1 0 0 0.166667 -0.130435 1 0.433 0.108 0.333019 0.149643
0 0 0 0 0 1 0 0 0.0434783 -1 0.531 0.264 0.160566 0.471429
0 1 0 0 0 0 0 0.833333 0.913043 -1 0.48 0.152 0.0111321 0.257857
0 0 0 0 0 1 0 0.5 -0.478261 1 0.447 0.112 0.0113208 0.171071
0 0 0 1 0 0 0 0.75 0.826087 -1 0.657 0.268 0.00981132 0.317143
0 0 1 0 0 0 0 0.25 0.304348 -1 0.845 0.476 0.729906 0.304643
0 0 0 1 0 0 0 0.5 0.565217 -1 0.337 0.10156 0.0138679 0.146071
0 0 0 0 0 0 1 0.583333 0.652174 -1 0.479 0.156 0.0108491 0.223929
0 1 0 0 0 0 0 0.166667 -0.130435 1 0.661 0.376 0.425472 0.0671429
0 0 0 0 0 0 1 0.833333 0.913043 -1 0.447 0.192 0.0113208 0.510357
0 0 0 0 0 1 0 0.166667 0.217391 -1 0.74 0.312 0.553113 0.295714
0 0 0 0 1 0 0 0.0833333 0.130435 -1 0.786 0.42 0.452736 0.263571
0 0 0 0 0 1 0 0.666667 0.73913 -1 0.404 0.132 0.0117925 0.118571
0 0 0 0 0 0 1 0.666667 0.73913 -1 0.605 0.23644 0.0100943 0.339643
1 0 0 0 0 0 0 0.25 0.304348 -1 0.697 0.36252 0.131792 0.0939286
0 0 0 0 0 1 0 0.583333 -0.565217 1 0.564 0.208 0.0109434 0.483214
0 1 0 0 0 0 0 0 0.0434783 -1 0.494 0.18 0.198774 0.230357
0 0 0 1 0 0 0 0.583333 0.652174 -1 0.586 0.092 0.0100943 0.282143
0 0 0 0 1 0 0 0.75 0.826087 -1 0.563 0.08 0.0100943 0.185357
0 0 0 0 1 0 0 0.666667 -0.652174 1 0.593 0.172 0.0108491 0.109286
0 0 0 0 1 0 0 0.166667 0.217391 -1 0.503 0.136 0.179245 0.206786
0 0 0 0 1 0 0 1 -1 1 0.472 0.112 0.0110377 0.351429
0 0 0 1 0 0 0 0.666667 0.73913 -1 0.55 0.2996 0.0107547 0.232143
0 0 0 0 0 0 1 0 0.0434783 -1 0.387 0.096 0.536981 0.479643
0 0 1 0 0 0 0 0.5 0.565217 -1 0.789 0.62 0.0199057 0.262143
0 0 0 0 0 1 0 0.583333 -0.565217 1 0.452 0.152 0.0109434 0.179643
1 0 0 0 0 0 0 0.666667 -0.652174 1 0.767 0.672 0.00981132 0.215357
0 0 0 0 0 1 0 0.25 0.304348 -1 0.52 0.004 0.486792 0.152143
0 0 1 0 0 0 0 0.0833333 0.130435 -1 0.697 0.576 0.174623 0.125
0 0 0 0 0 0 1 0.916667 1 -1 0.475 0.052 0.010566 0.207143
0 0 0 1 0 0 0 0.416667 0.478261 -1 0.488 0.076 0.0507547 0.139643
0 0 0 0 0 0 1 0.25 -0.217391 1 0.432 0.124 0.0387736 0.0825
0 1 0 0 0 0 0 0.0833333 0.130435 -1 0.925 0.536 0.706887 0.131429
0 0 1 0 0 0 0 0.583333 0.652174 -1 0.927 0.08 0.109434 0.0928571
0 1 0 0 0 0 0 0.5 0.565217 -1 0.557 0.104 0.0222642 0.265
0 0 0 0 1 0 0 0 0.0434783 -1 0.663 0.552 0.22 0.186429
0 1 0 0 0 0 0 0.666667 0.73913 -1 0.513 0.136 0.0109434 0.150357
1 0 0 0 0 0 0 0.333333 -0.304348 1 0.664 0.56 0.0142453 0.166786
0 0 0 0 0 1 0 0.833333 -0.826087 1 0.748 0.656 0.00933962 0.3825
1 0 0 0 0 0 0 0.833333 0.913043 -1 0.737 0.284 0.00990566 0.338929
0 0 1 0 0 0 0 0.916667 1 -1 0.593 0.15724 0.010283 0.142143
0 0 0 0 1 0 0 0.333333 0.391304 -1 0.811 0.104 0.712264 0.3325
0 0 0 0 1 0 0 0.166667 -0.130435 1 0.271 0.052 0.273585 0.518571
0 0 0 0 0 0 1 0.25 0.304348 -1 0.441 0.136 0.0795283 0.195357
0 0 0 1 0 0 0 0.583333 -0.565217 1 0.679 0.456 0.0103774 0.249286
1 0 0 0 0 0 0 0.583333 0.652174 -1 0.518 0.16 0.0108491 0.275
0 0 0 0 0 1 0 0.333333 -0.304348 1 0.668 0.352 0.0233962 0.133214
0 0 0 1 0 0 0 0.416667 0.478261 -1 0.626 0.06 0.158019 0.219286
0 0 0 0 0 1 0 0.583333 -0.565217 1 0.549 0.23024 0.0104717 0.406429
0 1 0 0 0 0 0 0 0.0434783 -1 0.714 0.488 0.272264 0.315
0 0 0 0 0 1 0 0.166667 -0.130435 1 0.34 0.028 0.352358 0.264286
0 0 0 1 0 0 0 0.25 -0.217391 1 0.298 0.098 0.0288679 0.159643
0 0 0 0 1 0 0 0.25 0.304348 -1 0.361 0.124 0.240943 0.434286
0 1 0 0 0 0 0 0.666667 -0.652174 1 0.499 0.204 0.010566 0.205
1 0 0 0 0 0 0 0.833333 -0.826087 1 0.596 0.104 0.0107547 0.128929
0 0 0 0 0 0 1 0.916667 1 -1 0.606 0.156 0.010283 0.198929
0 0 0 0 0 1 0 0.0833333 -0.0434783 1 0.565 0.276 0.116887 0.297857
0 0 0 0 1 0 0 0.25 0.304348 -1 0.65 0.17468 0.601887 0.329286
0 0 0 0 0 1 0 1 -1 1 0.745 0.32 0.00990566 0.171429
0 1 0 0 0 0 0 0.25 -0.217391 1 0.331 0.032 0.157547 0.173571
1 0 0 0 0 0 0 0.916667 -0.913043 1 0.441 0.124 0.0116038 0.246071
0 0 0 0 1 0 0 0.75 0.826087 -1 0.654 0.228 0.0095283 0.0271429
0 0 0 0 1 0 0 0.583333 -0.565217 1 0.753 0.756 0.0095283 0.123571
0 0 0 0 1 0 0 0.583333 0.652174 -1 0.629 0.296 0.010283 0.2875
0 0 1 0 0 0 0 0.416667 -0.391304 1 0.41 0.176 0.0114151 0.291429
0 0 0 0 1 0 0 0.333333 -0.304348 1 0.279 0.052 0.0208491 0.431429
0 0 0 0 0 1 0 0.666667 -0.652174 1 0.779 0.76 0.00933962 0.1175
0 0 0 0 0 1 0 0.583333 0.652174 -1 0.795 0.252 0.0328302 0.288571
0 0 0 0 0 0 1 0.5 -0.478261 1 0.394 0.096 0.0111321 0.436786
0 0 0 1 0 0 0 0.916667 -0.913043 1 0.762 0.3 0.00990566 0.141786
0 1 0 0 0 0 0 0.25 0.304348 -1 0.449 0.14512 0.0809434 0.215714
0 0 0 0 0 0 1 0.833333 -0.826087 1 0.395 0.076 0.0119811 0.261071
0 0 0 0 1 0 0 0.833333 -0.826087 1 0.593 0.432 0.0100943 0.235
0 1 0 0 0 0 0 1 -1 1 0.662 0.388 0.0100943 0.250714
0 0 0 0 1 0 0 0.666667 -0.652174 1 0.82 0.488 0.00971698 0.08
0 0 0 0 0 0 1 0.0833333 0.130435 -1 0.779 0.148 0.821698 0.287143
1 0 0 0 0 0 0 0.0833333 -0.0434783 1 0.682 0.108 0.583491 0.229286
0 0 0 1 0 0 0 1 -1 1 0.395 0.13024 0.0111321 0.296429
0 0 1 0 0 0 0 0.333333 -0.304348 1 0.489 0.18 0.0440566 0.0521429
0 0 0 0 1 0 0 0.25 -0.217391 1 0.431 0.176 0.149057 0.2125
0 0 0 0 0 0 1 0.5 0.565217 -1 0.885 0.288 0.153491 0.217857
0 0 1 0 0 0 0 0.583333 0.652174 -1 0.838 0.528 0.045283 0.187857
0 0 0 0 1 0 0 0.75 0.826087 -1 0.326 0.044 0.0124528 0.137143
0 1 0 0 0 0 0 0.916667 1 -1 0.43 0.10556 0.0110377 0.230357
0 0 0 1 0 0 0 0 0.0434783 -1 0.829 0.4 0.714151 0.222857
0 0 0 1 0 0 0 0.166667 0.217391 -1 0.534 0.036 0.691698 0.0682143
0 0 0 1 0 0 0 0.0833333 -0.0434783 1 0.6 0.17612 0.515849 0.237857
0 0 0 0 0 0 1 0.166667 0.217391 -1 0.856 0.204 0.854717 0.357143
0 0 0 0 0 1 0 0.333333 0.391304 -1 0.687 0.26 0.170472 0.192143
1 0 0 0 0 0 0 0.25 0.304348 -1 0.611 0.15152 0.586698 0.516429
0 0 1 0 0 0 0 0.916667 -0.913043 1 0.483 0.14684 0.0108491 0.113214
0 0 0 1 0 0 0 0.833333 0.913043 -1 0.5 0.104 0.0107547 0.364643
0 1 0 0 0 0 0 0.583333 0.652174 -1 0.839 0.192 0.190566 0.181429
1 0 0 0 0 0 0 0.166667 0.217391 -1 0.921 0.496 0.692642 0.221786
0 0 0 0 1 0 0 0.916667 1 -1 0.773 0.2 0.00971698 0.315714
0 0 0 0 0 0 1 0.0833333 -0.0434783 1 0.784 0.388 0.570755 0.103571
0 0 0 1 0 0 0 0.416667 -0.391304 1 0.529 0.164 0.0115094 0.154643
0 0 0 0 0 1 0 0.833333 -0.826087 1 0.668 0.48588 0.00981132 0.229286
1 0 0 0 0 0 0 0.75 0.826087 -1 0.76 0.22 0.00981132 0.310357
0 0 0 0 0 1 0 0.916667 1 -1 0.44 0.064 0.0115094 0.233571
0 1 0 0 0 0 0 0.916667 -0.913043 1 0.641 0.396 0.0103774 0.303929
0 0 0 0 0 1 0 0.416667 -0.391304 1 0.625 0.45868 0.01 0.315714
0 0 0 1 0 0 0 0.583333 0.652174 -1 0.968 0.356 0.216509 0.351429
0 0 0 0 0 0 1 0.5 0.565217 -1 0.428 0.172 0.0128302 0.100714
1 0 0 0 0 0 0 0.0833333 -0.0434783 1 0.35 0.128 0.0945283 0.503571
0 0 0 0 0 1 0 0 0.0434783 -1 0.584 0.23388 0.0848113 0.140357
0 1 0 0 0 0 0 0.25 0.304348 -1 0.816 0.296 0.745283 0.21
1 0 0 0 0 0 0 0.75 0.826087 -1 0.756 0.372 0.00981132 0.188214
0 0 1 0 0 0 0 0.75 -0.73913 1 0.303 0.028 0.0123585 0.0475
0 0 0 0 0 1 0 0.666667 0.73913 -1 0.504 0.252 0.0104717 0.233929
0 0 1 0 0 0 0 0.916667 1 -1 0.624 0.416 0.01 0.218571
1 0 0 0 0 0 0 0.583333 -0.565217 1 0.675 0.58 0.00933962 0.368929
0 0 1 0 0 0 0 0.333333 -0.304348 1 0.39 0.076 0.0365094 0.353214
0 0 0 0 0 1 0 0.666667 -0.652174 1 0.313 0.048 0.0129245 0.000357143
0 0 0 0 0 0 1 0.833333 -0.826087 1 0.636 0.40824 0.01 0.204286
0 0 0 0 0 0 1 0.583333 0.652174 -1 0.303 0.076 0.0121698 0.55
0 0 0 1 0 0 0 0.416667 -0.391304 1 0.425 0.144 0.0113208 0.236429
0 0 0 1 0 0 0 0.166667 0.217391 -1 0.762 0.424 0.385943 0.290714
0 1 0 0 0 0 0 0.5 -0.478261 1 0.515 0.20644 0.0108491 0.226786
0 0 0 1 0 0 0 0.25 -0.217391 1 0.67 0.484 0.0926415 0.121786
0 0 0 0 1 0 0 0.0833333 -0.0434783 1 0.568 0.14 0.579811 0.273929
0 0 1 0 0 0 0 0 0.0434783 -1 0.657 0.096 0.743396 0.338214
0 1 0 0 0 0 0 0.666667 -0.652174 1 0.431 0.216 0.0116038 0.136429
0 0 1 0 0 0 0 0.25 0.304348 -1 0.599 0.06 0.635566 0.271429
0 0 0 0 0 1 0 0.583333 -0.565217 1 0.573 0.392 0.00981132 0.193571
0 0 0 0 0 0 1 0 0.0434783 -1 0.794 0.52 0.450472 0.218929
0 1 0 0 0 0 0 0.583333 0.652174 -1 0.977 0.368 0.206415 0.2575
0 0 0 0 0 0 1 0.916667 -0.913043 1 0.664 0.18 0.0104717 0.177857
0 0 0 0 0 0 1 0.0833333 0.130435 -1 0.625 0.356 0.168868 0.187857
0 0 0 0 0 1 0 0.5 -0.478261 1 0.578 0.372 0.00990566 0.0303571
1 0 0 0 0 0 0 1 -1 1 0.428 0.192 0.0115094 0.0564286
1 0 0 0 0 0 0 0.416667 -0.391304 1 0.463 0.068 0.0111321 0.379286
1 0 0 0 0 0 0 0.333333 -0.304348 1 0.386 0.168 0.0606604 0.193571
0 0 0 0 0 1 0 0.5 -0.478261 1 0.672 0.4 0.0103774 0.0278571
0 0 0 0 1 0 0 0.75 0.826087 -1 0.496 0.204 0.0109434 0.163214
0 0 1 0 0 0 0 0.0833333 -0.0434783 1 0.603 0.172 0.553585 0.229643
1 0 0 0 0 0 0 0.833333 -0.826087 1 0.43 0.132 0.0116038 0.175714
0 0 0 1 0 0 0 0.166667 0.217391 -1 0.736 0.208 0.721604 0.445357
0 0 0 0 1 0 0 0.166667 0.217391 -1 0.901 0.48 0.796226 0.191786
0 1 0 0 0 0 0 0.25 -0.217391 1 0.615 0.404 0.215094 0.0307143
1 0 0 0 0 0 0 0.916667 1 -1 0.581 0.19188 0.0103774 0.133929
0 0 1 0 0 0 0 0.833333 -0.826087 1 0.518 0.268 0.0109434 0.140357
1 0 0 0 0 0 0 0.333333 0.391304 -1 0.749 0.756 0.248113 0.326786
0 0 1 0 0 0 0 0.833333 0.913043 -1 0.749 0.704 0.00981132 0.169643
0 0 0 0 0 1 0 0.333333 0.391304 -1 0.908 0.56 0.223208 0.275714
0 0 0 0 1 0 0 0.833333 -0.826087 1 0.676 0.584 0.01 0.239643
0 0 0 0 1 0 0 0.583333 -0.565217 1 0.424 0.14 0.0111321 0.172143
0 0 0 0 0 1 0 0.583333 -0.565217 1 0.564 0.188 0.010283 0.126429
1 0 0 0 0 0 0 0.5 -0.478261 1 0.436 0.092 0.0118868 0.240357
0 0 0 0 0 1 0 0.916667 1 -1 0.635 0.092 0.0104717 0.3375
1 0 0 0 0 0 0 0.75 -0.73913 1 0.67 0.432 0.0103774 0.015
0 0 0 1 0 0 0 0.583333 -0.565217 1 0.288 0.08552 0.0123585 0.0935714
0 1 0 0 0 0 0 0.916667 -0.913043 1 0.718 0.58708 0.00915094 0.0971429
1 0 0 0 0 0 0 0.916667 -0.913043 1 0.451 0.12 0.0108491 0.295
0 0 1 0 0 0 0 0.5 0.565217 -1 0.719 0.492 0.108113 0.479286
0 0 0 0 0 1 0 0.666667 -0.652174 1 0.665 0.49284 0.00981132 0.256429
0 1 0 0 0 0 0 0.916667 1 -1 0.647 0.408 0.0103774 0.158571
0 0 0 1 0 0 0 0.333333 0.391304 -1 0.654 0.08 0.404434 0.245357
0 0 1 0 0 0 0 0.75 0.826087 -1 0.67 0.12 0.0103774 0.206429
0 1 0 0 0 0 0 0 0.0434783 -1 0.446 0.012 0.452264 0.232143
0 0 0 0 0 1 0 0.75 -0.73913 1 0.494 0.14 0.0107547 0.202857
0 0 1 0 0 0 0 0.75 -0.73913 1 0.618 0.468 0.010566 0.0928571
0 0 0 0 1 0 0 0.583333 0.652174 -1 0.616 0.072 0.01 0.130714
0 0 0 0 0 1 0 0.916667 -0.913043 1 0.31 0.048 0.0128302 0.0453571
0 0 0 1 0 0 0 0.166667 0.217391 -1 0.674 0.468 0.069434 0.442143
0 1 0 0 0 0 0 0.166667 -0.130435 1 0.615 0.204 0.351887 0.356071
0 0 1 0 0 0 0 0.833333 -0.826087 1 0.303 0.02 0.0123585 0.0503571
0 0 1 0 0 0 0 0.833333 -0.826087 1 0.471 0.184 0.0110377 0.166429
0 0 0 0 0 1 0 0.166667 0.217391 -1 0.481 0.04 0.247642 0.399286
0 0 0 0 0 1 0 0.333333 0.391304 -1 0.828 0.036 0.373962 0.466786
0 0 0 0 0 1 0 0.416667 -0.391304 1 0.575 0.392 0.00990566 0.04
0 1 0 0 0 0 0 0.833333 -0.826087 1 0.755 0.476 0.00990566 0.158929
0 0 0 0 0 0 1 0.25 0.304348 -1 0.618 0.2662 0.39283 0.3625
0 0 0 0 0 1 0 0 0.0434783 -1 0.543 0.168 0.391981 0.298571
0 0 0 1 0 0 0 0.416667 -0.391304 1 0.807 0.692 0.00981132 0.0357143
0 0 0 0 0 1 0 0.0833333 0.130435 -1 0.593 0.34 0.0798113 0.285714
0 0 1 0 0 0 0 0 0.0434783 -1 0.756 0.336 0.55217 0.525714
1 0 0 0 0 0 0 0.0833333 0.130435 -1 0.625 0.32088 0.162925 0.145357
0 1 0 0 0 0 0 0.583333 0.652174 -1 0.774 0.408 0.0199057 0.248214
1 0 0 0 0 0 0 0.583333 -0.565217 1 0.13 0.04 0.0136792 0.47
0 0 0 0 1 0 0 0.25 0.304348 -1 0.856 0.12 0.750189 0.0646429
0 0 0 0 0 0 1 0.0833333 0.130435 -1 0.588 0.172 0.716981 0.438929
1 0 0 0 0 0 0 0.583333 0.652174 -1 0.494 0.19104 0.0108491 0.323571
0 0 0 1 0 0 0 0.666667 0.73913 -1 0.667 0.356 0.0095283 0.213929
0 1 0 0 0 0 0 0.333333 0.391304 -1 0.223 0.02 0.35283 0.119643
1 0 0 0 0 0 0 0.5 -0.478261 1 0.55 0.2 0.0109434 0.215
0 0 0 0 0 1 0 0.0833333 -0.0434783 1 0.617 0.344 0.433868 0.0885714
0 0 0 0 0 0 1 0.75 0.826087 -1 0.688 0.04 0.01 0.246071
0 0 1 0 0 0 0 0.25 -0.217391 1 0.702 0.636 0.0496226 0.235714
1 0 0 0 0 0 0 0.75 0.826087 -1 0.119 0.036 0.0140566 0.426071
0 0 0 0 0 1 0 0.666667 -0.652174 1 0.672 0.51316 0.00971698 0.133571
0 0 1 0 0 0 0 0.5 0.565217 -1 0.392 0.012 0.0280189 0.0425
0 0 0 0 1 0 0 0.25 -0.217391 1 0.648 0.412 0.19434 0.154643
0 1 0 0 0 0 0 0.333333 0.391304 -1 0.79 0.052 0.621698 0.468571
0 1 0 0 0 0 0 0.833333 0.913043 -1 0.43 0.10156 0.0110377 0.190714
0 0 1 0 0 0 0 0.5 -0.478261 1 0.696 0.57664 0.00981132 0.0935714
0 0 0 0 0 0 1 0.5 -0.478261 1 0.434 0.088 0.0117925 0.224286
1 0 0 0 0 0 0 0.25 0.304348 -1 0.166 0.028 0.328396 0.602857
1 0 0 0 0 0 0 0.25 -0.217391 1 0.458 0.112 0.256132 0.345357
1 0 0 0 0 0 0 0.666667 -0.652174 1 0.494 0.208 0.0110377 0.146429
0 0 0 0 0 1 0 0.5 0.565217 -1 0.725 0.356 0.0187736 0.153214
0 0 0 1 0 0 0 0.583333 0.652174 -1 0.912 0.188 0.0991509 0.227143
0 0 0 0 0 0 1 0.5 0.565217 -1 0.771 0.528 0.0601887 0.419643
0 1 0 0 0 0 0 0.583333 -0.565217 1 0.609 0.4 0.010566 0.0682143
0 0 0 0 0 0 1 0.666667 0.73913 -1 0.477 0.048 0.0114151 0.0785714
0 0 1 0 0 0 0 0.0833333 -0.0434783 1 0.716 0.428 0.446321 0.171071
0 0 0 0 0 1 0 0.166667 -0.130435 1 0.469 0.14 0.185189 0.275357
0 0 0 0 0 1 0 0.0833333 0.130435 -1 0.666 0.072 0.630472 0.133214
0 0 0 0 0 1 0 0.666667 0.73913 -1 0.682 0.6 0.00943396 0.223214
0 0 0 1 0 0 0 0.75 -0.73913 1 0.6 0.228 0.01 0.2675
1 0 0 0 0 0 0 0.583333 -0.565217 1 0.409 0.056 0.0110377 0.290714
0 1 0 0 0 0 0 0.25 0.304348 -1 0.949 0.392 0.836698 0.277143
1 0 0 0 0 0 0 0.916667 1 -1 0.715 0.384 0.01 0.235
0 1 0 0 0 0 0 0.333333 -0.304348 1 0.663 0.56 0.0130189 0.301786
0 1 0 0 0 0 0 0.25 -0.217391 1 0.488 0.21728 0.0588679 0.146071
0 0 0 0 1 0 0 0 0.0434783 -1 0.589 0.008 0.698113 0.336071
0 0 1 0 0 0 0 0.666667 -0.652174 1 0.449 0.172 0.0114151 0.378214
0 0 0 0 1 0 0 0.166667 0.217391 -1 0.635 0.10456 0.750189 0.290714
0 0 0 1 0 0 0 0.833333 -0.826087 1 0.725 0.352 0.01 0.0667857
0 0 0 0 0 1 0 0 0.0434783 -1 0.821 0.172 0.689434 0.331786
0 0 0 1 0 0 0 0.666667 -0.652174 1 0.451 0.132 0.0111321 0.306429
0 0 0 0 1 0 0 0.583333 0.652174 -1 0.87 0.172 0.153774 0.243929
0 0 0 0 1 0 0 0.333333 0.391304 -1 0.701 0.536 0.148396 0.215714
0 0 1 0 0 0 0 0.833333 0.913043 -1 0.829 0.484 0.00933962 0.0528571
0 1 0 0 0 0 0 0.25 0.304348 -1 0.716 0.116 0.410377 0.564286
0 0 0 1 0 0 0 0.0833333 -0.0434783 1 0.844 0.724 0.356038 0.0857143
0 0 0 0 1 0 0 0 0.0434783 -1 0.781 0.552 0.553585 0.3725
0 0 1 0 0 0 0 0.25 -0.217391 1 0.425 0.136 0.14283 0.0582143
1 0 0 0 0 0 0 0.5 -0.478261 1 0.673 0.576 0.00943396 0.383214
0 0 1 0 0 0 0 0.25 0.304348 -1 0.374 0.008 0.485 0.242857
0 0 0 0 0 0 1 0.166667 -0.130435 1 0.658 0.252 0.380189 0.108214
0 1 0 0 0 0 0 0.0833333 0.130435 -1 0.606 0.148 0.734528 0.279286
0 0 0 0 1 0 0 0.5 -0.478261 1 0.546 0.17592 0.0100943 0.0246429
0 1 0 0 0 0 0 0.583333 0.652174 -1 0.546 0.132 0.0100943 0.101786
0 0 1 0 0 0 0 0.5 -0.478261 1 0.471 0.208 0.0110377 0.0660714
0 0 1 0 0 0 0 0.666667 -0.652174 1 0.681 0.53212 0.00981132 0.0360714
0 0 0 0 1 0 0 0 0.0434783 -1 0.511 0.08 0.597736 0.511786
0 0 0 1 0 0 0 0 0.0434783 -1 0.582 0.128 0.58717 0.166786
0 0 0 0 0 1 0 0.25 0.304348 -1 0.62 0.412 0.127453 0.436071
0 0 0 0 1 0 0 0.583333 0.652174 -1 0.677 0.512 0.0095283 0.281786
0 0 0 1 0 0 0 0.416667 -0.391304 1 0.392 0.152 0.0116038 0.470357
0 0 0 0 1 0 0 0.75 0.826087 -1 0.596 0.168 0.0107547 0.0414286
0 0 0 0 0 0 1 0.75 0.826087 -1 0.534 0.164 0.010283 0.493214
0 1 0 0 0 0 0 0.75 -0.73913 1 0.748 0.648 0.00990566 0.15
0 0 1 0 0 0 0 1 -1 1 0.705 0.58 0.0100943 0.252857
0 0 0 0 0 0 1 0.916667 1 -1 0.529 0.1288 0.00990566 0.130357
0 0 0 0 0 0 1 0.416667 -0.391304 1 0.663 0.428 0.0104717 0.0475
0 0 0 0 1 0 0 0.583333 -0.565217 1 0.719 0.536 0.0100943 0.0278571
0 0 0 0 0 1 0 0.25 0.304348 -1 0.873 0.076 0.535189 0.476786
0 1 0 0 0 0 0 0.666667 0.73913 -1 0.715 0.56 0.00943396 0.293929
1 0 0 0 0 0 0 0.25 -0.217391 1 0.576 0.2 0.26717 0.182857
0 0 0 0 1 0 0 0.916667 -0.913043 1 0.461 0.112 0.0111321 0.342857
0 0 1 0 0 0 0 0.666667 0.73913 -1 0.548 0.108 0.0103774 0.137857
0 0 0 1 0 0 0 0.75 -0.73913 1 0.835 0.632 0.00943396 0.0817857
0 0 1 0 0 0 0 0.583333 0.652174 -1 0.714 0.136 0.0115094 0.133214
0 0 0 0 1 0 0 0.583333 -0.565217 1 0.476 0.15812 0.0110377 0.167143
0 0 0 1 0 0 0 0.5 -0.478261 1 0.339 0.16 0.0117925 0.221071
1 0 0 0 0 0 0 0.416667 0.478261 -1 0.825 0.204 0.351415 0.275
0 0 0 0 0 0 1 0.75 0.826087 -1 0.494 0.028 0.010566 0.143214
0 0 0 0 1 0 0 0.25 0.304348 -1 0.682 0.012 0.496509 0.181429
0 0 1 0 0 0 0 0.75 -0.73913 1 0.434 0.188 0.0110377 0.311786
0 0 0 0 0 0 1 0.833333 0.913043 -1 0.668 0.032 0.0100943 0.284286
0 1 0 0 0 0 0 0.583333 0.652174 -1 0.289 0.02 0.0123585 0.253214
1 0 0 0 0 0 0 0.916667 -0.913043 1 0.677 0.584 0.00943396 0.374643
0 0 0 1 0 0 0 0.166667 -0.130435 1 0.628 0.3854 0.122642 0.237143
0 0 0 1 0 0 0 1 -1 1 0.308 0.096 0.0123585 0.138214
0 0 0 0 0 1 0 0.416667 0.478261 -1 0.687 0.608 0.0369811 0.206786
0 0 0 0 1 0 0 0.416667 0.478261 -1 0.84 0.288 0.478019 0.2825
0 0 0 0 0 1 0 0.666667 -0.652174 1 0.748 0.668 0.00943396 0.332857
0 0 0 1 0 0 0 0 0.0434783 -1 0.611 0.29124 0.153208 0.0139286
1 0 0 0 0 0 0 0.583333 0.652174 -1 0.542 0.16712 0.0123585 0.195714
0 1 0 0 0 0 0 0.666667 0.73913 -1 0.71 0.52 0.00990566 0.245
0 1 0 0 0 0 0 0.916667 1 -1 0.465 0.152 0.0113208 0.341786
1 0 0 0 0 0 0 0.833333 -0.826087 1 0.683 0.424 0.0103774 0.0335714
0 0 0 1 0 0 0 0.166667 0.217391 -1 0.74 0.06 0.889623 0.364286
0 0 1 0 0 0 0 1 -1 1 0.61 0.392 0.00943396 0.183571
0 0 0 0 1 0 0 0.833333 -0.826087 1 0.582 0.104 0.010566 0.45
0 0 0 0 0 0 1 0.5 -0.478261 1 0.682 0.416 0.0103774 0.0582143
1 0 0 0 0 0 0 0.416667 0.478261 -1 0.823 0.252 0.345283 0.295
1 0 0 0 0 0 0 0.416667 -0.391304 1 0.767 0.8 0.00943396 0.110714
0 0 0 1 0 0 0 0.416667 0.478261 -1 0.75 0.192 0.323396 0.428214
0 1 0 0 0 0 0 0.333333 0.391304 -1 0.86 0.312 0.526415 0.179643
0 1 0 0 0 0 0 0.416667 0.478261 -1 0.428 0.14256 0.0176415 0.285357
0 0 0 0 0 0 1 0.833333 0.913043 -1 0.512 0.172 0.0113208 0.208571
0 0 0 0 0 1 0 0.583333 0.652174 -1 0.692 0.404 0.00981132 0.158929
0 0 0 0 0 1 0 0.25 -0.217391 1 0.523 0.256 0.202925 0.127143
0 0 0 0 1 0 0 0.916667 1 -1 0.846 0.62 0.00896226 0.235
0 0 0 0 1 0 0 0.833333 -0.826087 1 0.552 0.364 0.010283 0.0853571
0 0 1 0 0 0 0 0.666667 -0.652174 1 0.429 0.14596 0.0110377 0.125
1 0 0 0 0 0 0 0.583333 0.652174 -1 0.449 0.12808 0.0109434 0.166786
0 0 0 0 1 0 0 0.5 0.565217 -1 0.346 0.128 0.0206604 0.3325
0 1 0 0 0 0 0 0.833333 0.913043 -1 0.443 0.12084 0.0113208 0.316071
0 0 0 0 0 0 1 0.166667 0.217391 -1 0.529 0.028 0.627736 0.279286
0 1 0 0 0 0 0 0.583333 0.652174 -1 0.523 0.128 0.0110377 0.0607143
0 0 0 1 0 0 0 0.666667 0.73913 -1 0.79 0.608 0.0095283 0.224643
1 0 0 0 0 0 0 0.666667 -0.652174 1 0.407 0.14 0.0117925 0.287857
0 0 0 1 0 0 0 0.833333 -0.826087 1 0.573 0.152 0.0110377 0.204643
1 0 0 0 0 0 0 0.583333 0.652174 -1 0.571 0.12 0.01 0.457143
0 0 0 0 0 1 0 0.416667 -0.391304 1 0.462 0.196 0.0107547 0.191786
0 0 0 0 0 0 1 0.916667 1 -1 0.528 0.064 0.0104717 0.332143
0 0 0 0 0 0 1 0.416667 0.478261 -1 0.533 0.024 0.171887 0.233929
0 0 0 0 1 0 0 0.25 0.304348 -1 0.86 0.196 0.839623 0.213571
0 0 0 1 0 0 0 0.25 0.304348 -1 0.792 0.74 0.138302 0.299286
0 1 0 0 0 0 0 0.5 0.565217 -1 0.56 0.124 0.019434 0.2075
0 0 1 0 0 0 0 0.583333 -0.565217 1 0.685 0.56884 0.00981132 0.128571
0 0 0 0 0 0 1 0.0833333 -0.0434783 1 0.429 0.116 0.546698 0.246429
0 0 1 0 0 0 0 0.666667 0.73913 -1 0.742 0.136 0.0104717 0.0896429
0 0 1 0 0 0 0 0.75 -0.73913 1 0.586 0.26748 0.00981132 0.154286
1 0 0 0 0 0 0 0.833333 -0.826087 1 0.469 0.164 0.0117925 0.146071
0 0 0 0 0 0 1 0.666667 0.73913 -1 0.547 0.056 0.0111321 0.1525
0 0 0 1 0 0 0 1 -1 1 0.649 0.18 0.01 0.265
0 1 0 0 0 0 0 0.0833333 0.130435 -1 0.504 0.168 0.193962 0.146071
0 0 1 0 0 0 0 0.833333 -0.826087 1 0.45 0.184 0.0110377 0.343571
0 0 0 1 0 0 0 0.916667 -0.913043 1 0.418 0.124 0.0114151 0.173571
0 0 0 1 0 0 0 0.333333 0.391304 -1 0.61 0.188 0.449057 0.355714
0 0 0 0 0 1 0 0.416667 -0.391304 1 0.54 0.216 0.0104717 0.0292857
1 0 0 0 0 0 0 0.833333 -0.826087 1 0.435 0.056 0.0108491 0.3075
0 0 1 0 0 0 0 0.333333 0.391304 -1 0.725 0.108 0.501981 0.0857143
0 0 1 0 0 0 0 0.416667 0.478261 -1 0.74 0.096 0.570755 0.299643
1 0 0 0 0 0 0 1 -1 1 0.701 0.412 0.0100943 0.107143
0 0 1 0 0 0 0 0.416667 -0.391304 1 0.569 0.39176 0.0120755 0.193929
0 1 0 0 0 0 0 0.0833333 -0.0434783 1 0.717 0.476 0.140566 0.283214
0 1 0 0 0 0 0 0.0833333 0.130435 -1 0.449 0.15068 0.085283 0.179643
0 0 0 0 1 0 0 0.583333 0.652174 -1 0.804 0.064 0.140566 0.267857
0 1 0 0 0 0 0 0 0.0434783 -1 0.447 0.15464 0.0763208 0.189643
0 0 0 0 0 1 0 0.666667 -0.652174 1 0.575 0.18 0.010283 0.09
0 0 0 1 0 0 0 0.75 -0.73913 1 0.726 0.488 0.01 0.232143
0 0 0 1 0 0 0 0.75 0.826087 -1 0.446 0.116 0.0111321 0.143929
0 1 0 0 0 0 0 0.916667 -0.913043 1 0.842 0.744 0.00933962 0.162857
0 0 1 0 0 0 0 0.416667 0.478261 -1 0.427 0.13364 0.0238679 0.337857
0 0 0 1 0 0 0 0.333333 -0.304348 1 0.737 0.724 0.0820755 0.29
0 0 0 0 1 0 0 0 0.0434783 -1 0.762 0.508 0.362453 0.247857
1 0 0 0 0 0 0 0.916667 1 -1 0.804 0.404 0.00981132 0.103214
0 0 0 0 0 0 1 0.5 0.565217 -1 0.516 0.092 0.0208491 0.0164286
0 0 1 0 0 0 0 0.5 0.565217 -1 0.992 0.3 0.318774 0.264286
0 0 0 0 0 1 0 0.0833333 -0.0434783 1 0.765 0.24 0.541604 0.337143
0 0 0 0 0 0 1 0.75 0.826087 -1 0.531 0.06 0.0114151 0.0932143
0 0 1 0 0 0 0 0.583333 0.652174 -1 0.63 0.252 0.01 0.498929
0 0 0 0 1 0 0 0.916667 -0.913043 1 0.504 0.212 0.010566 0.1825
0 0 0 0 0 0 1 0.416667 0.478261 -1 0.772 0.516 0.138019 0.401429
0 0 0 0 1 0 0 0.416667 -0.391304 1 0.501 0.12 0.0111321 0.372857
1 0 0 0 0 0 0 0.0833333 0.130435 -1 0.685 0.604 0.265377 0.390357
1 0 0 0 0 0 0 0.916667 -0.913043 1 0.531 0.2434 0.01 0.200357
0 0 0 0 0 1 0 0.916667 -0.913043 1 0.568 0.22 0.0109434 0.379286
0 0 0 0 0 1 0 0.666667 0.73913 -1 0.587 0.156 0.010566 0.0225
0 1 0 0 0 0 0 0.166667 -0.130435 1 0.658 0.496 0.201981 0.236071
0 0 0 0 0 0 1 0.166667 0.217391 -1 0.587 0.2548 0.357925 0.434643
0 0 0 1 0 0 0 0 0.0434783 -1 0.49 0.068 0.656226 0.09
0 0 0 0 1 0 0 0.416667 0.478261 -1 0.896 0.204 0.513208 0.223214
0 0 0 0 0 1 0 0.666667 -0.652174 1 0.687 0.32 0.0103774 0.144643
0 0 0 1 0 0 0 0.166667 0.217391 -1 0.901 0.224 0.827358 0.127143
0 0 0 0 1 0 0 0.416667 -0.391304 1 0.437 0.176 0.0114151 0.180714
0 0 0 1 0 0 0 0.916667 1 -1 0.65 0.188 0.0100943 0.384643
0 0 1 0 0 0 0 0.333333 0.391304 -1 0.872 0.172 0.762264 0.111786
0 0 0 1 0 0 0 0.583333 -0.565217 1 0.712 0.572 0.0100943 0.256786
0 0 1 0 0 0 0 0.75 0.826087 -1 0.722 0.164 0.0100943 0.0810714
0 0 0 0 1 0 0 0.0833333 0.130435 -1 0.882 0.552 0.689906 0.159643
0 0 0 0 0 1 0 0.75 -0.73913 1 0.665 0.4768 0.00981132 0.231071
1 0 0 0 0 0 0 0.0833333 -0.0434783 1 0.718 0.572 0.217642 0.085
0 0 0 1 0 0 0 0.583333 0.652174 -1 0.685 0.348 0.0095283 0.265357
0 1 0 0 0 0 0 0.25 -0.217391 1 0.802 0.888 0.225283 0.19
0 0 0 0 1 0 0 0.916667 -0.913043 1 0.521 0.18 0.010283 0.241786
0 0 0 0 0 0 1 0.25 -0.217391 1 0.492 0.196 0.281887 0.455357
0 0 0 1 0 0 0 0.0833333 -0.0434783 1 0.545 0.132 0.50566 0.106071
1 0 0 0 0 0 0 0.25 0.304348 -1 0.849 0.412 0.556792 0.213571
0 0 0 0 0 1 0 0.5 -0.478261 1 0.746 0.664 0.00943396 0.285714
0 1 0 0 0 0 0 0.416667 0.478261 -1 0.537 0.264 0.0254717 0.197857
0 0 0 1 0 0 0 0.333333 0.391304 -1 0.807 0.076 0.46934 0.105
0 0 0 1 0 0 0 0.75 -0.73913 1 0.648 0.528 0.01 0.318214
0 0 0 0 0 0 1 0.25 -0.217391 1 0.512 0.144 0.0622642 0.308571
1 0 0 0 0 0 0 0.75 -0.73913 1 0.526 0.2484 0.010283 0.127857
0 0 0 0 1 0 0 0.5 -0.478261 1 0.647 0.288 0.0104717 0.211429
0 0 1 0 0 0 0 0.416667 0.478261 -1 0.879 0.148 0.60566 0.152143
1 0 0 0 0 0 0 0.416667 -0.391304 1 0.478 0.16484 0.0104717 0.0296429
0 0 0 0 0 0 1 0.333333 -0.304348 1 0.354 0.14 0.0654717 0.237857
0 0 0 0 0 0 1 0.666667 -0.652174 1 0.519 0.22 0.0111321 0.455357
0 0 0 0 0 0 1 0.333333 -0.304348 1 0.363 0.104 0.0366981 0.1125
0 1 0 0 0 0 0 0 0.0434783 -1 0.737 0.38 0.490566 0.202857
1 0 0 0 0 0 0 1 -1 1 0.502 0.24 0.0108491 0.326429
0 0 0 1 0 0 0 0.916667 1 -1 0.739 0.324 0.00981132 0.294643
0 0 1 0 0 0 0 0.833333 -0.826087 1 0.592 0.35864 0.00971698 0.150357
1 0 0 0 0 0 0 0.5 -0.478261 1 0.588 0.384 0.0104717 0.0942857
0 1 0 0 0 0 0 0.75 -0.73913 1 0.436 0.15712 0.0113208 0.316786
0 0 1 0 0 0 0 0.5 0.565217 -1 0.896 0.4 0.415943 0.210714
0 0 1 0 0 0 0 0.916667 1 -1 0.82 0.544 0.00933962 0.07
0 0 0 1 0 0 0 0.833333 -0.826087 1 0.699 0.416 0.0100943 0.277143
0 0 0 1 0 0 0 0.75 -0.73913 1 0.623 0.22 0.0108491 0.116071
0 1 0 0 0 0 0 0.333333 -0.304348 1 0.437 0.16292 0.0120755 0.161786
0 0 0 0 1 0 0 0.5 0.565217 -1 0.814 0.072 0.351887 0.326786
0 0 0 0 0 1 0 0.916667 -0.913043 1 0.651 0.16 0.010566 0.202857
0 0 0 1 0 0 0 0 0.0434783 -1 0.72 0.516 0.243962 0.415714
0 1 0 0 0 0 0 0.0833333 -0.0434783 1 0.678 0.484 0.359245 0.286786
0 0 0 0 1 0 0 0.333333 0.391304 -1 0.754 0.32 0.398396 0.477857
0 0 0 0 0 1 0 0.833333 -0.826087 1 0.578 0.124 0.0104717 0.108929
0 0 0 0 0 0 1 0.916667 1 -1 0.778 0.284 0.00971698 0.1775
0 0 0 1 0 0 0 0.416667 0.478261 -1 0.658 0.08 0.212642 0.3325
0 1 0 0 0 0 0 0.5 0.565217 -1 0.527 0.124 0.0130189 0.0339286
0 0 0 0 0 0 1 0.833333 -0.826087 1 0.588 0.1 0.0108491 0.262857
0 0 0 0 0 0 1 0.833333 0.913043 -1 0.541 0.356 0.01 0.12
0 1 0 0 0 0 0 0.5 0.565217 -1 0.756 0.136 0.0245283 0.114643
0 0 1 0 0 0 0 0.833333 -0.826087 1 0.841 0.74 0.00933962 0.248571
0 0 0 0 0 1 0 0.833333 -0.826087 1 0.579 0.048 0.010283 0.492857
0 0 0 1 0 0 0 0.916667 1 -1 0.607 0.34 0.01 0.256429
0 0 0 0 1 0 0 0.333333 -0.304348 1 0.544 0.17192 0.0243396 0.136786
1 0 0 0 0 0 0 0.416667 -0.391304 1 0.418 0.164 0.0160377 0.146429
0 0 0 0 0 0 1 0.333333 -0.304348 1 0.67 0.428 0.0337736 0.1225
0 0 0 0 1 0 0 0.916667 1 -1 0.553 0.072 0.0104717 0.3375
0 0 0 0 1 0 0 0.916667 1 -1 0.66 0.552 0.0095283 0.2925
0 1 0 0 0 0 0 0.0833333 -0.0434783 1 0.443 0.12 0.499245 0.208571
0 0 0 0 0 0 1 0.75 -0.73913 1 0.56 0.26644 0.010283 0.214643
0 0 0 0 0 1 0 0 0.0434783 -1 0.634 0.156 0.625849 0.605
0 1 0 0 0 0 0 0.333333 0.391304 -1 0.548 0.012 0.379528 0.256786
0 0 0 1 0 0 0 0.833333 -0.826087 1 0.589 0.322 0.0103774 0.116071
0 1 0 0 0 0 0 0.833333 -0.826087 1 0.695 0.18 0.0103774 0.218929
0 0 0 0 0 0 1 0.25 -0.217391 1 0.609 0.396 0.0438679 0.457143
0 1 0 0 0 0 0 0.5 -0.478261 1 0.327 0.028 0.0123585 0.136786
0 0 0 0 0 1 0 0.5 0.565217 -1 0.753 0.692 0.0793396 0.293571
0 0 0 1 0 0 0 0.25 -0.217391 1 0.598 0.244 0.138491 0.0317857
0 0 0 0 1 0 0 0.75 -0.73913 1 0.503 0.228 0.0104717 0.281071
0 0 0 0 0 0 1 0.916667 -0.913043 1 0.489 0.14 0.0115094 0.256429
0 0 0 0 1 0 0 0.166667 0.217391 -1 0.735 0.34 0.373113 0.531786
0 0 0 0 1 0 0 0.916667 1 -1 0.318 0.132 0.0121698 0.224643
0 0 1 0 0 0 0 0.666667 0.73913 -1 0.688 0.164 0.00971698 0.204286
0 0 0 0 0 0 1 0.5 0.565217 -1 0.595 0.192 0.0210377 0.263929
1 0 0 0 0 0 0 0.833333 -0.826087 1 0.797 0.748 0.00933962 0.234286
1 0 0 0 0 0 0 0.0833333 -0.0434783 1 0.529 0.196 0.531509 0.217857
0 0 0 0 0 1 0 0.166667 -0.130435 1 0.573 0.29904 0.0390566 0.130357
0 0 0 1 0 0 0 0.916667 1 -1 0.351 0.0724 0.0118868 0.135
0 0 0 0 1 0 0 0.25 0.304348 -1 0.797 0.128 0.815094 0.311429
0 0 0 1 0 0 0 0.5 -0.478261 1 0.291 0.09352 0.0123585 0.125714
0 0 0 0 0 1 0 0.25 0.304348 -1 0.605 0.164 0.634623 0.513571
0 0 1 0 0 0 0 0.5 -0.478261 1 0.433 0.064 0.0116038 0.316429
0 0 0 0 1 0 0 0.5 -0.478261 1 0.464 0.17728 0.0111321 0.259286
0 0 1 0 0 0 0 0.833333 0.913043 -1 0.631 0.388 0.00990566 0.186429
0 1 0 0 0 0 0 0.25 -0.217391 1 0.51 0.20256 0.0266038 0.397143
0 0 0 0 0 0 1 0.666667 0.73913 -1 0.466 0.2 0.0111321 0.520714
0 0 0 0 0 0 1 0.666667 0.73913 -1 0.672 0.34 0.0226415 0.225714
0 0 0 1 0 0 0 0.166667 -0.130435 1 0.483 0.204 0.386415 0.43
0 1 0 0 0 0 0 0.333333 -0.304348 1 0.434 0.224 0.0219811 0.121786
0 0 0 0 0 1 0 0.583333 -0.565217 1 0.679 0.34 0.0103774 0.0942857
0 0 0 0 1 0 0 0.75 -0.73913 1 0.352 0.11736 0.0119811 0.234643
0 0 1 0 0 0 0 0.416667 -0.391304 1 0.572 0.232 0.0110377 0.222143
0 0 1 0 0 0 0 0.75 -0.73913 1 0.69 0.612 0.0100943 0.256429
0 0 1 0 0 0 0 0.833333 -0.826087 1 0.624 0.46 0.0104717 0.0925
0 0 0 1 0 0 0 0.833333 0.913043 -1 0.539 0.216 0.010283 0.363214
1 0 0 0 0 0 0 0.833333 -0.826087 1 0.514 0.21228 0.0107547 0.3775
0 0 0 0 0 0 1 0.416667 -0.391304 1 0.556 0.2838 0.0103774 0.325
0 0 0 0 1 0 0 0 0.0434783 -1 0.697 0.432 0.398868 0.538214
0 0 0 0 1 0 0 0.833333 -0.826087 1 0.715 0.312 0.01 0.326786
0 0 1 0 0 0 0 0.166667 -0.130435 1 0.735 0.36 0.376415 0.313214
0 0 0 0 0 0 1 0.916667 1 -1 0.427 0.196 0.0115094 0.0732143
0 0 1 0 0 0 0 0.75 -0.73913 1 0.625 0.24 0.010566 0.3375
1 0 0 0 0 0 0 0.833333 0.913043 -1 0.844 0.7 0.00896226 0.190714
0 0 0 1 0 0 0 0.916667 1 -1 0.528 0.212 0.0103774 0.325357
0 0 1 0 0 0 0 0.833333 -0.826087 1 0.64 0.24 0.0104717 0.329643
0 0 0 0 1 0 0 0.0833333 -0.0434783 1 0.804 0.74 0.550377 0.133214
0 0 0 0 1 0 0 0.5 -0.478261 1 0.796 0.524 0.00971698 0.0375
0 1 0 0 0 0 0 0.25 0.304348 -1 0.571 0.088 0.484528 0.302143
0 0 0 0 0 1 0 0.25 0.304348 -1 0.69 0.252 0.342264 0.161429
0 0 1 0 0 0 0 0.666667 0.73913 -1 0.596 0.22004 0.0103774 0.0735714
1 0 0 0 0 0 0 0.333333 0.391304 -1 0.795 0.248 0.766981 0.322857
0 0 0 0 1 0 0 0.25 0.304348 -1 0.682 0.164 0.512547 0.0617857
0 0 1 0 0 0 0 0.666667 0.73913 -1 0.534 0.104 0.0108491 0.0278571
1 0 0 0 0 0 0 0.5 0.565217 -1 0.526 0.18984 0.050566 0.381071
0 0 0 0 1 0 0 0.666667 0.73913 -1 0.697 0.38 0.0095283 0.406071
0 0 1 0 0 0 0 0.0833333 0.130435 -1 0.558 0.096 0.650755 0.252143
