0.479215 0.555 0.143182
0.632562 0.5475 0.163636
0.366348 0.405 0.470455
0.596596 0.4725 0.439773
0.285944 0.3375 0.572727
0.368972 0.4875 0.357955
0.656024 0.5175 0.204545
0.487385 0.51 0.163636
0.394989 0.405 0.347727
0.454223 0.435 0.214773
0.353118 0.5625 0.163636
0.320213 0.3975 0.368182
0.444531 0.51 0.143182
0.38835 0.3375 0.582955
0.398451 0.45 0.368182
0.377979 0.315 0.603409
0.378782 0.405 0.357955
0.36855 0.405 0.388636
0.34578 0.3975 0.542045
0.363552 0.6 0.163636
0.387526 0.3975 0.460227
0.387485 0.5175 0.184091
0.299229 0.3825 0.429545
0.420542 0.42 0.214773
0.288678 0.3 0.531818
0.439754 0.615 0.1125
0.63936 0.555 0.173864
0.366646 0.405 0.286364
0.576658 0.4425 0.317045
0.406793 0.435 0.1125
0.629273 0.63 0.122727
0.468318 0.4575 0.357955
0.379509 0.5025 0.255682
0.384342 0.3675 0.429545
0.407908 0.48 0.225
0.635642 0.525 0.184091
0.633808 0.54 0.143182
0.375168 0.4725 0.409091
0.519632 0.3225 0.593182
0.358165 0.4275 0.480682
0.352994 0.3825 0.5625
0.486824 0.39 0.388636
0.670576 0.5925 0.204545
0.40896 0.4275 0.357955
0.393342 0.48 0.368182
0.526188 0.4725 0.368182
0.6183 0.54 0.163636
0.413751 0.3 0.5625
0.571278 0.5025 0.143182
0.30312 0.27 0.470455
0.381323 0.4875 0.184091
0.429099 0.435 0.460227
0.397779 0.495 0.470455
0.362118 0.435 0.255682
0.413232 0.45 0.265909
0.645702 0.4725 0.204545
0.434395 0.39 0.368182
0.367705 0.5475 0.3375
0.422515 0.33 0.5625
0.527878 0.4575 0.235227
0.374213 0.615 0.163636
0.336475 0.4125 0.501136
0.359931 0.48 0.173864
0.399406 0.525 0.204545
0.329815 0.3225 0.613636
0.532848 0.4875 0.378409
0.344832 0.39 0.501136
0.440079 0.465 0.245455
0.412242 0.4425 0.501136
0.354185 0.4425 0.184091
0.380742 0.405 0.368182
0.470382 0.4125 0.398864
0.343578 0.3825 0.490909
0.413245 0.33 0.419318
0.449564 0.39 0.460227
0.367878 0.4575 0.490909
0.526902 0.42 0.511364
0.365268 0.5175 0.286364
0.395363 0.3975 0.542045
0.501078 0.48 0.3375
0.430103 0.4275 0.214773
0.63567 0.525 0.194318
0.455677 0.5325 0.296591
0.461555 0.435 0.327273
0.396637 0.345 0.552273
0.476169 0.45 0.184091
0.491836 0.57 0.132955
0.406447 0.405 0.378409
0.369526 0.405 0.552273
0.630208 0.4725 0.204545
0.30879 0.36 0.552273
0.397876 0.4275 0.317045
0.440079 0.5025 0.409091
0.385505 0.45 0.409091
0.526472 0.5325 0.317045
0.382202 0.3825 0.490909
0.64485 0.3375 0.542045
0.345046 0.45 0.184091
0.396048 0.4575 0.214773
0.296882 0.27 0.460227
0.488236 0.555 0.153409
0.422245 0.5025 0.286364
0.382812 0.3525 0.398864
0.41247 0.36 0.429545
0.576305 0.3675 0.490909
0.41085 0.5325 0.235227
0.520152 0.57 0.3375
0.340193 0.6225 0.163636
0.505059 0.4875 0.204545
0.376235 0.5025 0.3375
0.454022 0.6 0.122727
0.581462 0.3375 0.45
0.486159 0.5325 0.306818
0.589694 0.4575 0.378409
0.535182 0.5175 0.357955
0.39051 0.3975 0.603409
0.376816 0.54 0.306818
0.526147 0.4425 0.480682
0.363337 0.4125 0.552273
0.397468 0.2925 0.603409
0.351672 0.5925 0.163636
0.367581 0.39 0.470455
0.523329 0.465 0.184091
0.422238 0.3825 0.439773
0.296481 0.2775 0.460227
0.347608 0.45 0.225
0.360312 0.4275 0.521591
0.580161 0.6 0.153409
0.447999 0.4425 0.347727
0.398215 0.4125 0.255682
0.643396 0.3675 0.480682
0.373694 0.5925 0.153409
0.546293 0.5025 0.286364
0.382403 0.2775 0.521591
0.387208 0.42 0.419318
0.658198 0.4725 0.317045
0.530225 0.42 0.388636
0.523343 0.4425 0.245455
0.50958 0.4275 0.439773
0.489552 0.495 0.286364
0.634514 0.525 0.214773
0.353492 0.4275 0.235227
0.491663 0.3975 0.368182
0.365012 0.465 0.439773
0.3987 0.4275 0.122727
0.299928 0.3525 0.542045
0.405768 0.525 0.184091
0.451156 0.345 0.419318
0.355126 0.3675 0.593182
0.441 0.4575 0.194318
0.369381 0.5475 0.347727
0.628975 0.5325 0.265909
0.38961 0.4875 0.378409
0.383871 0.51 0.204545
0.352163 0.2175 0.705682
0.407312 0.5475 0.173864
0.369166 0.435 0.460227
0.524458 0.435 0.255682
0.622433 0.45 0.460227
0.343433 0.615 0.122727
0.411833 0.33 0.470455
0.520415 0.405 0.409091
0.437559 0.4125 0.296591
0.52245 0.63 0.143182
0.398077 0.4425 0.245455
0.331574 0.3825 0.419318
0.64224 0.3825 0.429545
0.614326 0.555 0.163636
0.380008 0.4575 0.225
0.351568 0.3525 0.531818
0.63513 0.6675 0.132955
0.414893 0.42 0.357955
0.386938 0.375 0.480682
0.353015 0.6 0.132955
0.376089 0.5475 0.317045
0.399295 0.555 0.153409
0.470354 0.525 0.132955
0.438826 0.4575 0.265909
0.595558 0.6675 0.122727
0.595454 0.5325 0.173864
0.402168 0.495 0.429545
0.63513 0.585 0.184091
0.392268 0.3975 0.286364
0.395432 0.2175 0.664773
0.367962 0.48 0.184091
0.313567 0.405 0.388636
0.439158 0.3975 0.378409
0.533658 0.585 0.3375
0.287723 0.285 0.542045
0.35172 0.585 0.153409
0.37665 0.4275 0.531818
0.485418 0.54 0.225
0.409355 0.3675 0.419318
0.648305 0.45 0.255682
0.384307 0.345 0.388636
0.608829 0.66 0.153409
0.401005 0.5925 0.347727
0.638508 0.4275 0.286364
0.384702 0.27 0.542045
0.378554 0.465 0.286364
0.602391 0.39 0.439773
0.295228 0.3525 0.5625
0.370488 0.51 0.317045
0.456563 0.465 0.265909
0.533562 0.4125 0.378409
0.395197 0.4125 0.368182
0.384023 0.585 0.153409
0.410054 0.465 0.173864
0.363946 0.51 0.204545
0.443388 0.45 0.245455
0.396228 0.4275 0.419318
0.429494 0.39 0.490909
0.374677 0.45 0.296591
0.627051 0.495 0.378409
0.394248 0.3675 0.480682
0.448359 0.4725 0.184091
0.407465 0.5625 0.184091
0.574152 0.4275 0.255682
0.391085 0.4725 0.173864
0.4347 0.525 0.132955
0.385636 0.585 0.153409
0.429376 0.48 0.429545
0.396976 0.42 0.122727
0.354822 0.4575 0.327273
0.432 0.465 0.306818
0.524451 0.4575 0.327273
0.630208 0.6075 0.132955
0.471323 0.5475 0.143182
0.664332 0.5475 0.153409
0.593142 0.3825 0.398864
0.303397 0.345 0.5625
0.370848 0.465 0.388636
0.376297 0.5775 0.143182
0.381496 0.3675 0.521591
0.319112 0.3975 0.378409
0.602363 0.405 0.368182
0.401573 0.39 0.368182
0.344707 0.5775 0.143182
0.406703 0.39 0.480682
0.591203 0.3825 0.460227
0.27144 0.2025 0.675
0.380215 0.51 0.194318
0.278682 0.24 0.675
0.392206 0.33 0.572727
0.51066 0.615 0.122727
0.384882 0.465 0.419318
0.460973 0.45 0.388636
0.382403 0.4125 0.542045
0.402494 0.4875 0.357955
0.612138 0.4725 0.276136
0.590829 0.6675 0.132955
0.443513 0.45 0.327273
0.672397 0.465 0.184091
0.403615 0.465 0.173864
0.485308 0.5775 0.132955
0.40086 0.3 0.603409
0.351028 0.39 0.470455
0.584135 0.5625 0.265909
0.489531 0.5025 0.143182
0.449682 0.615 0.132955
0.350273 0.5175 0.460227
0.409327 0.5025 0.194318
0.375923 0.495 0.173864
0.417552 0.3975 0.378409
0.416866 0.5175 0.235227
0.388253 0.255 0.644318
0.397585 0.42 0.327273
0.341889 0.075 0.419318
0.397523 0.42 0.214773
0.405526 0.3 0.582955
0.432007 0.4725 0.245455
0.342062 0.435 0.470455
0.367096 0.5175 0.194318
0.297492 0.36 0.552273
0.352066 0.555 0.3375
0.430484 0.375 0.460227
0.647287 0.465 0.3375
0.641153 0.4875 0.204545
0.413308 0.63 0.1125
0.635123 0.4425 0.306818
0.367608 0.5025 0.204545
0.421823 0.4425 0.265909
0.413723 0.4275 0.214773
0.416423 0.435 0.173864
0.352461 0.5925 0.143182
0.293324 0.3525 0.552273
0.376449 0.39 0.470455
0.345918 0.4275 0.572727
0.295768 0.345 0.582955
0.399025 0.585 0.143182
0.66528 0.4575 0.368182
0.376408 0.495 0.184091
0.366279 0.3975 0.5625
0.640433 0.645 0.132955
0.422183 0.3 0.552273
0.418992 0.225 0.634091
0.364971 0.39 0.490909
0.575377 0.6675 0.143182
0.395148 0.3 0.613636
0.567166 0.4875 0.317045
0.472472 0.4575 0.439773
0.284538 0.27 0.542045
0.655242 0.5475 0.245455
0.379731 0.4725 0.173864
0.298135 0.3525 0.5625
0.316724 0.3825 0.572727
0.385415 0.45 0.460227
0.342665 0.585 0.173864
0.339958 0.5925 0.163636
0.34254 0.4275 0.542045
0.375286 0.5175 0.265909
0.368003 0.5775 0.153409
0.365746 0.33 0.572727
0.407222 0.4275 0.470455
0.416617 0.4875 0.276136
0.331068 0.3675 0.511364
0.413882 0.54 0.153409
0.392808 0.3075 0.593182
0.433994 0.4125 0.490909
0.397973 0.57 0.143182
0.446005 0.405 0.3375
0.495803 0.3525 0.531818
0.440328 0.5325 0.286364
0.63297 0.4125 0.276136
0.350633 0.4425 0.531818
0.386079 0.375 0.45
0.433454 0.4575 0.225
0.526722 0.3525 0.429545
0.605908 0.4725 0.214773
0.444372 0.42 0.194318
0.462545 0.5325 0.204545
0.465162 0.4875 0.204545
0.505897 0.45 0.3375
0.582258 0.6225 0.122727
0.550696 0.5175 0.214773
0.397786 0.3225 0.593182
0.627715 0.5325 0.194318
0.470285 0.4425 0.204545
0.3897 0.525 0.194318
0.649793 0.42 0.317045
0.506063 0.435 0.255682
0.415731 0.5025 0.153409
0.374954 0.45 0.245455
0.456258 0.5175 0.378409
0.330909 0.375 0.470455
0.457103 0.585 0.347727
0.534053 0.48 0.419318
0.287432 0.345 0.501136
0.652133 0.5325 0.225
0.596444 0.51 0.184091
0.398319 0.39 0.368182
0.391452 0.4875 0.143182
0.363462 0.495 0.194318
0.400472 0.4575 0.214773
0.612748 0.6225 0.122727
0.586004 0.4725 0.265909
0.575252 0.5475 0.347727
0.532087 0.435 0.3375
0.352835 0.465 0.511364
0.435108 0.4575 0.245455
0.410975 0.42 0.265909
0.505696 0.51 0.306818
0.275739 0.2475 0.531818
0.392185 0.3375 0.388636
0.389008 0.615 0.122727
0.651032 0.525 0.173864
0.299956 0.375 0.470455
0.341924 0.075 0.296591
0.388731 0.36 0.593182
0.589085 0.36 0.45
0.593342 0.3525 0.368182
0.458848 0.465 0.429545
0.368169 0.4575 0.235227
0.567228 0.4575 0.225
0.489981 0.525 0.184091
0.412408 0.5025 0.409091
0.612076 0.6375 0.122727
0.485148 0.48 0.184091
0.396339 0.54 0.204545
0.441955 0.51 0.245455
0.639249 0.5175 0.306818
0.666069 0.435 0.276136
0.344631 0.45 0.235227
0.595606 0.5325 0.255682
0.415412 0.4275 0.1125
0.618314 0.6 0.204545
0.397412 0.39 0.378409
0.398658 0.4275 0.1125
0.666492 0.585 0.194318
0.370038 0.4275 0.470455
0.636092 0.5625 0.132955
0.351775 0.5475 0.173864
0.460385 0.51 0.143182
0.372669 0.6225 0.163636
0.518718 0.3525 0.531818
0.350356 0.285 0.685227
0.609861 0.48 0.45
0.403415 0.42 0.398864
0.435005 0.39 0.388636
0.473802 0.4875 0.265909
0.380188 0.48 0.378409
0.359446 0.3975 0.552273
0.555155 0.6075 0.163636
0.415592 0.54 0.184091
0.505426 0.4725 0.184091
0.454722 0.495 0.276136
0.353361 0.4425 0.398864
0.57708 0.42 0.306818
0.610145 0.54 0.296591
0.532537 0.45 0.378409
0.324277 0.375 0.511364
0.398409 0.57 0.143182
0.635933 0.6225 0.143182
0.444365 0.5325 0.153409
0.45045 0.42 0.1125
0.659845 0.435 0.276136
0.652846 0.5325 0.184091
0.461631 0.4125 0.347727
0.399178 0.36 0.398864
0.379315 0.555 0.194318
0.282856 0.285 0.521591
0.474958 0.5325 0.143182
0.516482 0.405 0.327273
0.397212 0.48 0.511364
0.495561 0.5325 0.122727
0.404862 0.3975 0.398864
0.391362 0.4725 0.245455
0.428019 0.495 0.184091
0.640842 0.5775 0.194318
0.418112 0.4425 0.439773
0.520062 0.405 0.388636
0.578859 0.4725 0.460227
0.396284 0.375 0.429545
0.582134 0.5175 0.306818
0.633475 0.6 0.122727
0.500573 0.345 0.480682
0.377952 0.4125 0.603409
0.436791 0.345 0.409091
0.340352 0.5925 0.163636
0.450997 0.4875 0.276136
0.367221 0.615 0.132955
0.357106 0.5925 0.153409
0.500317 0.555 0.153409
0.382161 0.4425 0.225
0.384702 0.4575 0.521591
0.518511 0.4125 0.470455
0.365892 0.375 0.511364
0.345282 0.495 0.429545
0.389202 0.4125 0.378409
0.391126 0.45 0.3375
0.32463 0.39 0.429545
0.363254 0.39 0.603409
0.398423 0.465 0.214773
0.35982 0.45 0.398864
0.407167 0.3075 0.511364
0.428774 0.4275 0.388636
0.648637 0.4125 0.317045
0.370087 0.3675 0.521591
0.613454 0.54 0.296591
0.384736 0.4575 0.306818
0.390572 0.5625 0.173864
0.391659 0.405 0.327273
0.3429 0.4125 0.552273
0.337992 0.39 0.521591
0.378554 0.36 0.470455
0.592276 0.3825 0.439773
0.315305 0.615 0.153409
0.489302 0.4275 0.429545
0.57321 0.4425 0.460227
0.573736 0.39 0.357955
0.399531 0.51 0.184091
0.575903 0.525 0.378409
0.582882 0.4875 0.296591
0.606808 0.63 0.132955
0.445417 0.4125 0.531818
0.450796 0.45 0.470455
0.416139 0.3825 0.347727
0.670943 0.525 0.102273
0.476585 0.45 0.194318
0.391514 0.435 0.45
0.391168 0.4425 0.245455
0.43299 0.51 0.265909
0.520802 0.375 0.388636
0.649246 0.585 0.132955
0.552115 0.51 0.173864
0.343814 0.3825 0.480682
0.625888 0.4425 0.419318
0.3798 0.4875 0.235227
0.44325 0.4875 0.3375
0.363856 0.42 0.490909
0.587769 0.54 0.214773
0.380894 0.45 0.470455
0.408884 0.435 0.501136
0.654501 0.5475 0.173864
0.379218 0.4425 0.276136
0.449799 0.45 0.204545
0.412899 0.4425 0.490909
0.369208 0.5925 0.132955
0.405125 0.39 0.388636
0.481722 0.39 0.45
