0.480669 0.5175 0.132955
0.451745 0.4725 0.378409
0.653552 0.465 0.296591
0.414609 0.5025 0.265909
0.443243 0.4425 0.439773
0.561849 0.33 0.542045
0.45288 0.435 0.317045
0.541454 0.5925 0.143182
0.648318 0.465 0.296591
0.388544 0.4125 0.45
0.448588 0.57 0.173864
0.629682 0.51 0.245455
0.452901 0.5175 0.419318
0.388447 0.465 0.225
0.409895 0.4425 0.439773
0.429826 0.4725 0.439773
0.577952 0.675 0.143182
0.383088 0.435 0.470455
0.481015 0.4575 0.419318
0.384466 0.3825 0.429545
0.373985 0.4725 0.265909
0.430602 0.5025 0.235227
0.491587 0.3375 0.480682
0.515001 0.48 0.501136
0.445119 0.51 0.276136
0.435787 0.4425 0.235227
0.298973 0.6 0.153409
0.527954 0.4275 0.490909
0.388544 0.255 0.685227
0.404972 0.3225 0.480682
0.513076 0.3825 0.521591
0.363074 0.4125 0.490909
0.346472 0.4125 0.460227
0.460745 0.54 0.306818
0.347199 0.39 0.460227
0.343731 0.5775 0.153409
0.661742 0.4125 0.398864
0.648962 0.555 0.225
0.394906 0.3375 0.521591
0.413211 0.4125 0.357955
0.622336 0.585 0.163636
0.407506 0.315 0.521591
0.554421 0.4275 0.276136
0.614174 0.48 0.501136
0.336046 0.3975 0.388636
0.292479 0.285 0.45
0.415295 0.405 0.3375
0.408067 0.42 0.225
0.384875 0.4125 0.480682
0.441318 0.39 0.490909
0.486921 0.4425 0.398864
0.390586 0.3675 0.511364
0.48006 0.42 0.3375
0.466055 0.4125 0.45
0.59958 0.48 0.429545
0.44856 0.4125 0.194318
0.477374 0.3975 0.357955
0.387575 0.435 0.460227
0.491864 0.465 0.235227
0.569631 0.33 0.613636
0.292424 0.3675 0.521591
0.420978 0.45 0.214773
0.420466 0.3225 0.572727
0.352315 0.255 0.695455
0.364161 0.3825 0.552273
0.345385 0.48 0.409091
0.649281 0.39 0.429545
0.510355 0.4725 0.225
0.634126 0.6 0.143182
0.642012 0.4125 0.296591
0.656848 0.4275 0.306818
0.337507 0.42 0.552273
0.396755 0.39 0.419318
0.300399 0.3675 0.501136
0.364514 0.3525 0.542045
0.497423 0.525 0.378409
0.424932 0.36 0.429545
0.44145 0.42 0.511364
0.359245 0.3825 0.542045
0.308368 0.39 0.501136
0.355299 0.375 0.5625
0.614354 0.5625 0.194318
0.299956 0.3525 0.5625
0.353208 0.5325 0.255682
0.597635 0.4575 0.429545
0.436465 0.495 0.286364
0.496198 0.465 0.235227
0.454119 0.5025 0.204545
0.626054 0.495 0.204545
0.447473 0.5175 0.235227
0.396222 0.3 0.603409
0.378367 0.3825 0.460227
0.404225 0.39 0.317045
0.424032 0.5775 0.173864
0.393127 0.495 0.235227
0.406966 0.3675 0.531818
0.390648 0.33 0.593182
0.389832 0.48 0.204545
0.361454 0.465 0.235227
0.367636 0.585 0.153409
0.296218 0.3375 0.572727
0.6867 0.435 0.163636
0.41868 0.45 0.439773
0.355985 0.5025 0.173864
0.594907 0.54 0.245455
0.596603 0.4575 0.357955
0.421269 0.48 0.45
0.302365 0.36 0.542045
0.627016 0.4425 0.235227
0.520373 0.435 0.347727
0.486768 0.5775 0.3375
0.639748 0.63 0.132955
0.475131 0.4275 0.184091
0.378685 0.4125 0.245455
0.378208 0.45 0.439773
0.340885 0.405 0.490909
0.40086 0.3225 0.603409
0.615185 0.39 0.357955
0.451232 0.45 0.490909
0.359093 0.4725 0.255682
0.419303 0.5175 0.173864
0.532392 0.405 0.378409
0.296148 0.375 0.490909
0.423969 0.5475 0.122727
0.453552 0.3375 0.470455
0.361142 0.57 0.163636
0.411009 0.4575 0.378409
0.351526 0.285 0.695455
0.651953 0.465 0.286364
0.391251 0.4275 0.317045
0.374954 0.465 0.245455
0.422972 0.405 0.3375
0.450312 0.4125 0.388636
0.592158 0.57 0.163636
0.378291 0.39 0.470455
0.657817 0.4725 0.327273
0.346223 0.585 0.153409
0.455649 0.6075 0.317045
0.625362 0.5325 0.132955
0.431467 0.4125 0.368182
0.495762 0.5625 0.132955
0.37152 0.5925 0.153409
0.564023 0.5625 0.153409
0.344423 0.435 0.378409
0.609314 0.465 0.347727
0.453254 0.42 0.286364
0.431488 0.3375 0.501136
0.513734 0.39 0.521591
0.385366 0.4125 0.368182
0.594692 0.5025 0.429545
0.405623 0.54 0.194318
0.438099 0.435 0.429545
0.382666 0.36 0.439773
0.408205 0.39 0.429545
0.411369 0.5025 0.357955
0.611778 0.4575 0.388636
0.399378 0.4575 0.480682
0.289191 0.2925 0.490909
0.339127 0.4275 0.490909
0.422585 0.4875 0.153409
0.420404 0.495 0.265909
0.414069 0.375 0.531818
0.427867 0.4275 0.531818
0.4797 0.375 0.460227
0.301458 0.36 0.531818
0.589375 0.675 0.132955
0.535375 0.375 0.378409
0.369187 0.4125 0.542045
0.448207 0.3675 0.45
0.503183 0.6525 0.1125
0.378485 0.3975 0.296591
0.605935 0.4425 0.45
0.371977 0.4275 0.235227
0.43434 0.4275 0.45
0.67077 0.585 0.173864
0.561323 0.4575 0.265909
0.375231 0.4125 0.347727
0.582487 0.6 0.122727
0.350079 0.615 0.132955
0.618646 0.5325 0.163636
0.487578 0.4575 0.327273
0.312992 0.39 0.429545
0.449072 0.4575 0.235227
0.410545 0.4275 0.327273
0.489337 0.51 0.245455
0.4086 0.465 0.306818
0.602709 0.5025 0.347727
0.374435 0.4275 0.460227
0.334101 0.6225 0.143182
0.451426 0.51 0.245455
0.351284 0.3975 0.429545
0.470409 0.5175 0.388636
0.345178 0.495 0.409091
0.307807 0.615 0.153409
0.627972 0.57 0.163636
0.620799 0.66 0.153409
0.369152 0.51 0.327273
0.304456 0.345 0.5625
0.302345 0.3525 0.542045
0.495852 0.4275 0.286364
0.585997 0.465 0.398864
0.403692 0.285 0.582955
0.415101 0.3 0.603409
0.41805 0.465 0.235227
0.397918 0.5025 0.265909
0.424952 0.3975 0.552273
0.403705 0.3375 0.368182
0.644151 0.45 0.163636
0.641077 0.5625 0.132955
0.373265 0.5475 0.204545
0.640329 0.615 0.143182
0.648692 0.4875 0.276136
0.323197 0.6075 0.163636
0.369692 0.4725 0.225
0.458626 0.5025 0.409091
0.582196 0.54 0.265909
0.363462 0.5025 0.163636
0.331387 0.435 0.398864
0.632818 0.57 0.286364
0.330272 0.39 0.501136
0.503225 0.4425 0.531818
0.635054 0.5625 0.143182
0.476488 0.36 0.521591
0.385048 0.39 0.409091
0.434028 0.3675 0.368182
0.495602 0.48 0.357955
0.396498 0.3975 0.490909
0.362485 0.4425 0.45
0.366231 0.4575 0.265909
0.401282 0.4275 0.1125
0.38736 0.42 0.368182
0.375432 0.54 0.235227
0.354164 0.39 0.511364
0.432007 0.5625 0.153409
0.409521 0.555 0.153409
0.428372 0.465 0.235227
0.393168 0.3975 0.45
0.363801 0.4125 0.45
0.598846 0.45 0.470455
0.507164 0.405 0.286364
0.407416 0.3675 0.531818
0.422889 0.405 0.378409
0.291475 0.285 0.501136
0.468976 0.4575 0.490909
0.440003 0.48 0.173864
0.354828 0.48 0.429545
0.409832 0.4125 0.45
0.324893 0.3825 0.429545
0.347947 0.405 0.521591
0.477408 0.48 0.214773
0.640454 0.525 0.153409
0.451606 0.51 0.235227
0.452423 0.4425 0.173864
0.63909 0.4875 0.265909
0.510972 0.435 0.409091
0.344028 0.36 0.501136
0.442862 0.405 0.552273
0.472839 0.6225 0.122727
0.589915 0.4875 0.480682
0.647169 0.54 0.173864
0.455829 0.3375 0.501136
0.389776 0.42 0.501136
0.389229 0.4125 0.357955
0.510785 0.5175 0.163636
0.590033 0.435 0.429545
0.428712 0.4725 0.347727
0.492965 0.3375 0.470455
0.331595 0.6225 0.132955
0.443928 0.4125 0.357955
0.368765 0.3975 0.582955
0.368294 0.3825 0.613636
0.459678 0.42 0.306818
0.420189 0.5175 0.153409
0.473802 0.48 0.439773
0.468408 0.39 0.378409
0.495955 0.525 0.184091
0.336392 0.405 0.378409
0.525316 0.345 0.490909
0.389949 0.33 0.613636
0.66807 0.555 0.163636
0.392095 0.42 0.501136
0.402722 0.3675 0.470455
0.415821 0.51 0.306818
0.382818 0.4425 0.460227
0.454431 0.63 0.122727
0.3924 0.495 0.439773
0.393501 0.5925 0.153409
0.379731 0.435 0.245455
0.456044 0.585 0.173864
0.355272 0.54 0.276136
0.345891 0.4725 0.521591
0.404765 0.33 0.634091
0.365497 0.42 0.470455
0.400528 0.3975 0.419318
0.315706 0.3825 0.470455
0.378 0.4125 0.521591
0.600992 0.5475 0.173864
0.40824 0.51 0.419318
0.594097 0.465 0.439773
0.398859 0.4725 0.490909
0.402348 0.3825 0.470455
0.416825 0.5925 0.132955
0.582335 0.4725 0.398864
0.588233 0.5625 0.286364
0.375023 0.465 0.225
0.664068 0.48 0.398864
0.439193 0.4575 0.245455
0.283915 0.375 0.511364
0.491594 0.5325 0.132955
0.363198 0.585 0.163636
0.29619 0.39 0.439773
0.414921 0.4125 0.276136
0.432595 0.585 0.143182
0.484165 0.42 0.173864
0.666609 0.54 0.132955
0.401968 0.495 0.45
0.436929 0.4125 0.419318
0.481888 0.4275 0.286364
0.343848 0.6075 0.132955
0.419504 0.4425 0.265909
0.417732 0.375 0.439773
0.581075 0.33 0.45
0.447999 0.6075 0.327273
0.341398 0.435 0.419318
0.390808 0.465 0.163636
0.405831 0.54 0.184091
0.637816 0.4575 0.194318
0.356241 0.4425 0.531818
0.408918 0.435 0.276136
0.43524 0.525 0.225
0.473538 0.495 0.132955
0.626608 0.54 0.184091
0.324865 0.2025 0.654545
0.478752 0.525 0.368182
0.587409 0.48 0.204545
0.356165 0.4125 0.398864
0.638654 0.555 0.153409
0.475754 0.4125 0.173864
0.398423 0.5025 0.265909
0.401268 0.435 0.542045
0.411072 0.4125 0.542045
0.513533 0.5025 0.265909
0.528847 0.45 0.501136
0.451295 0.39 0.378409
0.386931 0.405 0.296591
0.489392 0.4875 0.194318
0.533028 0.5025 0.470455
0.649308 0.555 0.173864
0.476114 0.4725 0.306818
0.465058 0.4575 0.511364
0.51498 0.375 0.470455
0.637595 0.4275 0.286364
0.360775 0.42 0.5625
0.435496 0.3975 0.357955
0.382285 0.495 0.265909
0.407603 0.36 0.429545
0.521349 0.405 0.409091
0.343218 0.375 0.593182
0.398991 0.5025 0.184091
0.295041 0.3525 0.552273
0.574851 0.5325 0.296591
0.633254 0.3525 0.429545
0.602737 0.45 0.398864
0.417295 0.3525 0.439773
0.417337 0.3225 0.603409
0.418465 0.315 0.511364
0.372295 0.5625 0.163636
0.459623 0.54 0.173864
0.432796 0.465 0.286364
0.673387 0.51 0.184091
0.362257 0.465 0.490909
0.360132 0.5625 0.317045
0.351768 0.4875 0.45
0.66789 0.4725 0.204545
0.415703 0.42 0.3375
0.412567 0.42 0.255682
0.415225 0.3225 0.593182
0.46251 0.51 0.235227
0.291448 0.2775 0.490909
0.302829 0.345 0.542045
0.377052 0.45 0.235227
0.623395 0.4575 0.439773
0.520754 0.48 0.245455
0.421387 0.375 0.398864
0.559786 0.51 0.357955
0.647564 0.4425 0.255682
0.462967 0.39 0.398864
0.353035 0.5925 0.143182
0.456577 0.42 0.317045
0.344915 0.5925 0.143182
0.620169 0.5475 0.163636
0.342 0.4125 0.296591
0.625576 0.525 0.235227
0.668686 0.555 0.184091
0.534877 0.5325 0.153409
0.424731 0.5475 0.194318
0.361045 0.405 0.317045
0.348432 0.42 0.419318
0.520602 0.42 0.45
0.380928 0.4125 0.552273
0.4086 0.4875 0.214773
0.380562 0.4575 0.225
0.452562 0.405 0.296591
0.666907 0.3975 0.368182
0.365469 0.48 0.163636
0.645528 0.48 0.194318
0.450277 0.4425 0.204545
0.354545 0.36 0.501136
0.425665 0.3375 0.5625
0.355708 0.6225 0.153409
0.41715 0.4725 0.245455
0.404031 0.495 0.194318
0.634742 0.4575 0.419318
0.658163 0.5025 0.245455
0.590019 0.4425 0.388636
0.459623 0.4875 0.153409
0.347947 0.405 0.470455
0.475712 0.3375 0.45
0.392497 0.315 0.603409
0.641285 0.5475 0.173864
0.395585 0.5775 0.347727
0.301701 0.36 0.531818
0.288332 0.3525 0.501136
0.359882 0.585 0.153409
0.422806 0.3825 0.378409
0.362631 0.39 0.593182
0.581462 0.4125 0.347727
0.432637 0.5025 0.276136
0.26019 0.2325 0.685227
0.429231 0.4275 0.235227
0.389665 0.4725 0.194318
0.345773 0.5775 0.163636
0.453946 0.5625 0.132955
0.603505 0.57 0.276136
0.573376 0.5175 0.255682
0.3429 0.075 0.0818182
0.374954 0.48 0.480682
0.563234 0.465 0.286364
0.552462 0.495 0.184091
0.649253 0.4125 0.429545
0.388966 0.4875 0.439773
0.551042 0.525 0.184091
0.471925 0.4875 0.398864
0.353423 0.6 0.122727
0.636494 0.5475 0.194318
0.403505 0.4125 0.429545
0.465085 0.39 0.419318
0.366058 0.51 0.204545
0.379752 0.5025 0.265909
0.349034 0.42 0.5625
0.626552 0.51 0.214773
0.434977 0.525 0.173864
0.593488 0.3825 0.45
0.635822 0.54 0.173864
0.433952 0.45 0.501136
0.584924 0.3525 0.470455
0.382604 0.33 0.572727
0.409763 0.42 0.265909
0.367325 0.405 0.511364
0.663238 0.435 0.276136
0.608275 0.4875 0.398864
0.397191 0.45 0.357955
0.523371 0.4425 0.460227
0.296716 0.2625 0.409091
0.429625 0.36 0.419318
0.500158 0.54 0.163636
0.365379 0.3975 0.521591
0.350238 0.4875 0.184091
0.522242 0.435 0.265909
0.564743 0.6225 0.163636
0.352509 0.405 0.409091
0.600037 0.4425 0.409091
0.359467 0.585 0.153409
0.379398 0.315 0.634091
0.373154 0.5175 0.327273
0.2979 0.3675 0.531818
0.633122 0.555 0.296591
0.394491 0.375 0.388636
0.604599 0.6375 0.132955
0.411362 0.5475 0.163636
0.455068 0.3975 0.439773
0.545144 0.345 0.470455
0.434222 0.405 0.327273
0.370405 0.345 0.388636
0.665135 0.4725 0.296591
0.351415 0.285 0.695455
0.650562 0.5175 0.194318
0.360111 0.375 0.5625
0.324249 0.375 0.511364
0.355583 0.2775 0.726136
0.385415 0.45 0.460227
0.387914 0.3 0.511364
0.406938 0.4425 0.225
0.490368 0.495 0.296591
0.5706 0.5025 0.194318
0.445362 0.5325 0.204545
0.502276 0.4575 0.357955
0.386266 0.3825 0.460227
0.529352 0.4125 0.409091
0.641492 0.54 0.163636
0.444725 0.5025 0.276136
0.406495 0.4425 0.225
0.349435 0.42 0.521591
0.306505 0.39 0.490909
0.636882 0.5325 0.173864
0.505613 0.51 0.153409
0.424509 0.405 0.3375
0.624738 0.5325 0.163636
0.410455 0.2775 0.603409
0.343662 0.5925 0.163636
0.602481 0.4725 0.368182
0.383026 0.39 0.490909
0.472673 0.3675 0.368182
0.575446 0.525 0.153409
0.395668 0.585 0.143182
0.427528 0.33 0.531818
0.373604 0.405 0.5625
0.416139 0.3375 0.409091
0.396381 0.3975 0.603409
0.424655 0.3825 0.419318
0.359287 0.405 0.5625
0.40329 0.33 0.582955
0.343731 0.375 0.480682
0.376685 0.45 0.460227
0.632478 0.54 0.153409
0.617123 0.555 0.143182
0.375092 0.48 0.204545
0.637165 0.5475 0.173864
0.434555 0.4125 0.327273
0.476301 0.4275 0.511364
0.378644 0.5175 0.173864
0.517251 0.48 0.184091
0.398555 0.345 0.45
0.645196 0.5325 0.163636
0.361814 0.42 0.429545
0.625992 0.585 0.122727
0.388883 0.4275 0.347727
0.337126 0.57 0.153409
0.494848 0.5025 0.194318
0.355978 0.39 0.572727
0.389423 0.42 0.245455
0.396623 0.4575 0.235227
0.616895 0.345 0.460227
0.380797 0.465 0.439773
0.449875 0.3525 0.398864
0.617476 0.615 0.132955
0.574145 0.555 0.255682
0.533769 0.5775 0.132955
0.442156 0.45 0.419318
0.64494 0.465 0.214773
0.425215 0.615 0.132955
0.34938 0.075 0.0818182
0.367276 0.3825 0.5625
0.6399 0.495 0.214773
0.655775 0.375 0.460227
0.585021 0.525 0.317045
0.307073 0.375 0.490909
0.385186 0.5025 0.255682
0.4635 0.525 0.398864
0.439809 0.405 0.501136
0.358304 0.465 0.347727
0.405969 0.5325 0.204545
0.433592 0.3075 0.173864
0.409548 0.3225 0.603409
0.356275 0.39 0.542045
0.646539 0.585 0.173864
0.414118 0.315 0.521591
0.575488 0.51 0.296591
0.366272 0.555 0.163636
0.355458 0.555 0.327273
0.651669 0.3675 0.429545
0.61857 0.525 0.357955
0.576838 0.33 0.542045
0.375037 0.48 0.419318
0.412338 0.555 0.245455
0.340498 0.33 0.5625
0.366438 0.4725 0.214773
0.367145 0.4875 0.511364
0.472237 0.3975 0.398864
0.431737 0.5325 0.163636
0.48987 0.375 0.388636
0.560077 0.4875 0.173864
0.384473 0.51 0.265909
0.496364 0.3975 0.470455
0.514848 0.5175 0.286364
0.45738 0.4725 0.163636
0.287232 0.3 0.490909
0.668042 0.4725 0.357955
0.433828 0.3675 0.511364
0.290146 0.2925 0.521591
0.470354 0.51 0.398864
0.411162 0.5625 0.194318
0.468429 0.36 0.542045
0.38619 0.42 0.460227
0.392469 0.48 0.245455
0.501985 0.3975 0.398864
0.652832 0.5175 0.255682
0.649703 0.57 0.194318
0.355036 0.3375 0.542045
0.3033 0.39 0.439773
0.603298 0.495 0.327273
0.387215 0.45 0.357955
0.425257 0.3675 0.398864
0.294992 0.27 0.490909
0.464732 0.4575 0.460227
0.367131 0.405 0.286364
0.518656 0.3825 0.490909
0.295082 0.2925 0.531818
0.520525 0.48 0.276136
0.411245 0.3675 0.531818
0.420985 0.5475 0.235227
0.381849 0.405 0.501136
0.389229 0.5025 0.132955
0.646733 0.4125 0.429545
0.413945 0.5025 0.265909
0.409632 0.405 0.531818
0.307509 0.36 0.480682
0.588427 0.36 0.388636
0.356857 0.6225 0.163636
0.402092 0.5325 0.184091
0.43434 0.375 0.419318
0.632188 0.48 0.245455
0.424108 0.3675 0.419318
0.480967 0.5025 0.255682
0.422924 0.4125 0.163636
0.436285 0.4125 0.102273
0.451558 0.42 0.3375
0.639069 0.525 0.163636
0.62451 0.3375 0.542045
0.669275 0.405 0.388636
0.374372 0.4875 0.255682
0.49104 0.4125 0.357955
0.470208 0.4575 0.255682
0.648907 0.4275 0.327273
0.367692 0.39 0.460227
0.410635 0.42 0.286364
0.619428 0.345 0.490909
0.464933 0.2775 0.593182
0.560693 0.3375 0.531818
0.346389 0.075 0.327273
0.46026 0.4425 0.265909
0.386342 0.4725 0.388636
0.613585 0.4575 0.398864
0.576159 0.5025 0.368182
0.4212 0.4875 0.163636
0.348577 0.3375 0.511364
0.390877 0.3675 0.45
0.450505 0.4875 0.429545
0.348383 0.57 0.163636
0.514648 0.4275 0.286364
0.350882 0.3825 0.572727
0.481105 0.3225 0.582955
0.374075 0.5925 0.153409
0.525302 0.5175 0.173864
0.361703 0.4125 0.531818
0.3735 0.45 0.184091
0.352848 0.3825 0.531818
0.41652 0.33 0.480682
0.348016 0.495 0.409091
0.3789 0.465 0.173864
0.346175 0.585 0.122727
0.623077 0.5325 0.184091
0.650049 0.4425 0.214773
0.380278 0.3825 0.531818
0.340968 0.4275 0.511364
0.543372 0.3975 0.439773
0.546639 0.585 0.132955
0.41427 0.495 0.163636
0.487475 0.3375 0.511364
0.353368 0.39 0.542045
0.624323 0.6 0.143182
0.617795 0.39 0.429545
0.627757 0.495 0.388636
0.642531 0.5625 0.143182
0.657298 0.525 0.265909
0.613848 0.48 0.398864
0.339252 0.3825 0.490909
0.296668 0.2775 0.501136
0.385823 0.4725 0.173864
0.621845 0.6225 0.122727
0.451191 0.4725 0.204545
0.637062 0.54 0.153409
0.377931 0.3975 0.3375
0.399032 0.4725 0.378409
0.440952 0.4275 0.102273
0.469551 0.3525 0.429545
0.375785 0.45 0.204545
0.445652 0.4725 0.286364
0.452437 0.675 0.1125
0.574588 0.3825 0.398864
0.629086 0.36 0.45
0.532454 0.4125 0.409091
0.435738 0.54 0.204545
0.417046 0.48 0.153409
0.38916 0.3075 0.603409
0.467121 0.4575 0.531818
0.358955 0.435 0.398864
0.353742 0.555 0.327273
0.385968 0.3375 0.439773
0.417226 0.315 0.521591
0.366764 0.4425 0.398864
0.384252 0.3 0.603409
0.334433 0.3825 0.593182
0.649232 0.5175 0.225
0.363323 0.465 0.511364
0.573141 0.525 0.245455
0.651988 0.465 0.317045
0.360346 0.42 0.276136
0.397599 0.36 0.409091
0.388779 0.4125 0.480682
0.350294 0.48 0.460227
0.636189 0.51 0.132955
0.347538 0.6075 0.153409
0.397938 0.435 0.235227
0.324346 0.39 0.439773
0.352371 0.48 0.429545
0.502913 0.3525 0.388636
0.377626 0.42 0.552273
0.366764 0.3525 0.470455
0.364292 0.4575 0.225
0.382078 0.3675 0.521591
0.359328 0.4725 0.501136
0.384667 0.3675 0.429545
0.612097 0.5025 0.347727
0.623506 0.6525 0.132955
0.368931 0.4725 0.235227
0.406163 0.5025 0.419318
0.411937 0.3825 0.378409
0.597545 0.6075 0.317045
0.420757 0.54 0.225
0.613392 0.6375 0.132955
0.415862 0.4425 0.204545
0.356109 0.3975 0.552273
0.363545 0.42 0.511364
0.419165 0.435 0.429545
0.494508 0.45 0.204545
0.378415 0.465 0.204545
0.370945 0.27 0.542045
0.366888 0.51 0.347727
0.386682 0.435 0.531818
0.437725 0.51 0.276136
0.384528 0.4875 0.378409
0.414415 0.435 0.214773
0.614402 0.51 0.368182
0.397731 0.4275 0.214773
0.365656 0.3825 0.511364
0.394463 0.4125 0.480682
0.379343 0.435 0.265909
0.474148 0.4725 0.398864
0.433087 0.3225 0.521591
0.642552 0.465 0.194318
0.405235 0.42 0.306818
0.389582 0.3075 0.603409
0.336413 0.375 0.521591
0.65718 0.4125 0.388636
0.667627 0.54 0.143182
0.383746 0.48 0.470455
0.373306 0.5175 0.184091
0.627598 0.495 0.306818
0.3411 0.3975 0.378409
0.360519 0.585 0.173864
0.605991 0.4575 0.398864
0.401774 0.48 0.245455
0.338352 0.3975 0.388636
0.417711 0.4875 0.255682
0.355812 0.2625 0.695455
0.637117 0.5175 0.184091
0.645882 0.465 0.296591
0.400417 0.4575 0.460227
0.443402 0.5475 0.3375
0.32517 0.225 0.593182
0.456598 0.435 0.378409
0.615005 0.495 0.388636
0.530508 0.45 0.204545
0.372517 0.5025 0.265909
0.35253 0.285 0.705682
0.427992 0.465 0.265909
0.278688 0.2625 0.552273
0.562915 0.48 0.184091
0.431142 0.4875 0.255682
0.354406 0.3825 0.552273
0.353624 0.4725 0.265909
0.40599 0.3825 0.398864
0.381122 0.285 0.664773
0.515229 0.4125 0.45
0.406918 0.3825 0.388636
0.553978 0.5175 0.265909
0.4977 0.5775 0.153409
0.530363 0.6 0.317045
0.368723 0.465 0.214773
0.507676 0.405 0.3375
0.391278 0.4275 0.214773
0.296508 0.3075 0.521591
0.527428 0.45 0.378409
0.440405 0.5475 0.286364
0.343011 0.48 0.501136
0.359875 0.3975 0.552273
0.393272 0.5775 0.153409
0.423097 0.4275 0.1125
0.394733 0.4275 0.122727
0.395903 0.39 0.388636
0.583338 0.4725 0.429545
0.393625 0.3675 0.552273
0.584515 0.4875 0.388636
0.355846 0.4425 0.173864
0.645999 0.5325 0.194318
0.309759 0.3825 0.603409
0.488908 0.5325 0.132955
0.654348 0.525 0.235227
0.412899 0.555 0.153409
0.405969 0.435 0.214773
0.623181 0.5925 0.153409
0.654528 0.465 0.163636
0.338815 0.3975 0.490909
0.355078 0.5475 0.3375
0.275622 0.255 0.552273
0.605977 0.48 0.245455
0.421761 0.48 0.460227
0.361357 0.4275 0.521591
0.377675 0.4575 0.419318
0.330279 0.375 0.531818
0.360824 0.4725 0.276136
0.644656 0.4275 0.317045
0.607798 0.48 0.419318
0.623042 0.465 0.347727
0.53208 0.4875 0.225
0.442793 0.36 0.480682
0.494128 0.435 0.347727
0.448311 0.5175 0.429545
0.36963 0.555 0.153409
0.408226 0.5025 0.255682
0.431737 0.465 0.45
0.40212 0.4725 0.225
0.371492 0.495 0.194318
0.66645 0.5625 0.153409
0.4131 0.45 0.255682
0.592518 0.435 0.265909
0.293026 0.3 0.531818
0.401698 0.405 0.511364
0.346195 0.5925 0.163636
0.396042 0.4875 0.429545
0.332495 0.405 0.511364
0.356933 0.3675 0.582955
0.632375 0.4875 0.102273
0.456397 0.405 0.501136
0.313726 0.2775 0.398864
0.354905 0.3375 0.531818
0.525095 0.45 0.214773
0.407388 0.3075 0.603409
0.382161 0.5325 0.306818
0.550253 0.465 0.3375
0.396152 0.3075 0.521591
0.561205 0.54 0.276136
0.648803 0.585 0.173864
0.410538 0.405 0.173864
0.65412 0.4575 0.276136
0.419026 0.4575 0.45
0.396464 0.495 0.265909
0.430816 0.36 0.470455
0.3798 0.4725 0.204545
0.618508 0.48 0.204545
0.359225 0.4725 0.409091
0.425769 0.4125 0.327273
0.356469 0.4875 0.184091
0.582438 0.555 0.153409
0.390489 0.5775 0.153409
0.596326 0.5925 0.306818
0.409749 0.54 0.173864
0.312819 0.36 0.542045
0.498475 0.4275 0.347727
0.530682 0.4425 0.276136
0.541634 0.4425 0.480682
0.415253 0.615 0.143182
0.381462 0.435 0.480682
0.3186 0.39 0.5625
0.385269 0.405 0.531818
0.452686 0.3525 0.552273
0.299693 0.3525 0.542045
0.671808 0.4275 0.276136
0.428615 0.36 0.419318
0.502242 0.525 0.173864
0.381302 0.36 0.480682
0.357646 0.3975 0.276136
0.431827 0.4575 0.439773
0.392538 0.405 0.480682
0.410289 0.4875 0.429545
0.660441 0.435 0.286364
0.632838 0.5325 0.143182
0.643957 0.6075 0.143182
0.376068 0.4575 0.429545
0.354863 0.48 0.276136
0.394622 0.3525 0.398864
0.404301 0.435 0.225
0.345344 0.4725 0.501136
0.394235 0.39 0.409091
0.514765 0.4875 0.357955
0.385692 0.4875 0.480682
0.427832 0.36 0.347727
0.359003 0.3825 0.5625
0.295927 0.3525 0.5625
0.638128 0.465 0.439773
0.378325 0.4125 0.501136
0.372655 0.4125 0.552273
0.401054 0.48 0.419318
0.398838 0.465 0.214773
0.402715 0.4875 0.173864
0.370835 0.435 0.265909
0.437095 0.4275 0.122727
0.358747 0.39 0.531818
0.482054 0.4575 0.163636
0.353548 0.3825 0.531818
0.366224 0.4275 0.490909
0.359723 0.4875 0.194318
0.308762 0.345 0.531818
0.337687 0.6225 0.132955
0.376532 0.42 0.552273
0.468332 0.555 0.235227
0.650195 0.585 0.214773
0.385664 0.5175 0.184091
0.395515 0.375 0.409091
0.351533 0.585 0.163636
0.640177 0.5175 0.194318
0.513699 0.465 0.368182
0.442392 0.3975 0.3375
0.364542 0.42 0.542045
0.609203 0.5625 0.286364
0.42741 0.39 0.409091
0.597067 0.555 0.276136
0.383435 0.45 0.429545
0.419158 0.45 0.3375
0.300261 0.375 0.45
0.383504 0.42 0.317045
0.61371 0.48 0.317045
0.614105 0.4125 0.45
0.612277 0.57 0.132955
0.393023 0.465 0.245455
0.634777 0.5925 0.143182
0.341356 0.345 0.552273
0.485398 0.435 0.245455
0.398215 0.525 0.173864
0.361731 0.4875 0.194318
0.405893 0.4275 0.225
0.617947 0.6525 0.132955
0.388101 0.48 0.388636
0.631918 0.5325 0.184091
0.452776 0.5475 0.317045
0.325343 0.615 0.163636
0.390032 0.45 0.490909
0.586364 0.435 0.398864
0.595073 0.465 0.419318
0.640212 0.5475 0.163636
0.411065 0.4875 0.163636
0.468228 0.405 0.368182
0.64386 0.5325 0.184091
0.389285 0.435 0.255682
0.446878 0.45 0.470455
0.371285 0.4575 0.419318
0.396173 0.4425 0.296591
0.399738 0.5025 0.173864
0.385913 0.4275 0.460227
0.375944 0.345 0.490909
0.389105 0.4275 0.45
0.442482 0.3225 0.531818
0.430823 0.51 0.204545
0.423097 0.36 0.460227
0.445085 0.495 0.153409
0.348618 0.48 0.398864
0.376685 0.465 0.388636
0.333305 0.3825 0.501136
0.392386 0.585 0.153409
0.402002 0.555 0.153409
0.386605 0.48 0.255682
0.367055 0.405 0.286364
0.318683 0.3825 0.531818
0.5229 0.495 0.163636
0.393923 0.4575 0.194318
0.647695 0.4575 0.194318
0.39807 0.4125 0.317045
0.620557 0.5325 0.286364
0.353499 0.42 0.419318
0.432346 0.5025 0.153409
0.501245 0.4275 0.388636
0.435863 0.36 0.368182
0.421276 0.4425 0.255682
0.458536 0.465 0.45
0.434215 0.4125 0.204545
0.304629 0.6075 0.153409
0.353257 0.465 0.480682
0.425568 0.5175 0.439773
0.445569 0.4425 0.552273
0.408108 0.3675 0.419318
0.441554 0.4725 0.184091
0.299825 0.2775 0.460227
0.409119 0.5175 0.327273
0.396658 0.345 0.460227
0.360118 0.3975 0.429545
0.673449 0.5175 0.184091
0.369893 0.405 0.501136
0.402674 0.4275 0.306818
0.355292 0.4575 0.184091
0.576623 0.435 0.265909
0.351498 0.3525 0.603409
0.534392 0.6075 0.132955
0.572386 0.4275 0.317045
0.369228 0.4425 0.552273
0.413737 0.405 0.409091
0.611993 0.5325 0.306818
0.414395 0.315 0.582955
0.400119 0.5025 0.439773
0.489953 0.39 0.368182
0.377772 0.6 0.122727
0.391839 0.375 0.368182
0.571168 0.525 0.388636
0.416319 0.345 0.552273
0.6417 0.525 0.173864
0.373701 0.27 0.542045
0.667025 0.4725 0.245455
0.39564 0.3525 0.429545
0.339618 0.405 0.470455
0.36621 0.435 0.409091
0.339051 0.45 0.531818
0.511726 0.405 0.398864
0.481708 0.4575 0.153409
0.595516 0.42 0.501136
0.379745 0.345 0.398864
0.386107 0.4575 0.245455
0.385747 0.3225 0.572727
0.342623 0.4125 0.296591
0.38619 0.5025 0.265909
0.383476 0.435 0.225
0.389305 0.42 0.511364
0.37431 0.4275 0.480682
0.369692 0.4125 0.409091
0.603526 0.525 0.327273
0.398132 0.4875 0.173864
0.373292 0.495 0.225
0.5166 0.3525 0.398864
0.347677 0.4425 0.276136
0.40104 0.615 0.122727
0.385518 0.4275 0.511364
0.354669 0.435 0.214773
0.616756 0.645 0.153409
0.342429 0.585 0.132955
0.430498 0.375 0.419318
0.664283 0.5175 0.265909
0.460599 0.4275 0.327273
0.603277 0.525 0.153409
0.541122 0.4575 0.368182
0.348058 0.3975 0.511364
0.424218 0.465 0.501136
0.44748 0.495 0.3375
0.382403 0.435 0.460227
